-3.270742356989384675e-02 1.000410000000035533e-03
-2.395451405310758397e-02 9.668566139762024402e-04
-1.520160453632132466e-02 9.333504251925776526e-04
-6.448695019535065354e-03 8.998475893449281709e-04
2.304214497251197424e-03 8.663273775128558975e-04
1.105712401403746020e-02 8.327926351958368518e-04
1.981003353082371604e-02 7.992512949171750539e-04
2.856294304760997882e-02 7.657281358187319371e-04
3.731585256439624160e-02 7.322496265902813176e-04
4.606876208118249744e-02 6.987725758550093584e-04
5.482167159796876715e-02 6.651798985973092016e-04
6.357458111475502993e-02 6.314382263952910855e-04
7.232749063154128577e-02 5.978963849410259910e-04
8.108040014832754161e-02 5.649692474561643016e-04
8.983330966511379745e-02 5.320063117711316047e-04
9.858621918190008104e-02 4.971815826575730910e-04
1.073391286986863369e-01 4.591854234765685655e-04
1.160920382154725927e-01 4.193519378498842230e-04
1.248449477322588486e-01 3.797217034766123766e-04
1.335978572490451322e-01 3.408328284830579877e-04
1.423507667658313880e-01 3.014989741307906590e-04
1.511036762826176438e-01 2.610356862424659664e-04
1.598565857994038997e-01 2.216202251212135636e-04
1.686094953161901555e-01 1.860997301902319635e-04
1.773624048329764114e-01 1.512688678030316397e-04
1.861153143497626949e-01 1.066962009966154388e-04
1.948682238665489508e-01 4.827749796656995520e-05
2.036211333833352066e-01 5.789879216770319109e-06
2.123740429001214625e-01 1.865000043884405589e-05
2.211269524169077461e-01 9.223104162028532120e-05
2.298798619336940019e-01 1.896194319691236400e-04
2.386327714504802577e-01 2.775414779953929594e-04
2.473856809672665136e-01 3.557103115737501658e-04
2.561385904840527417e-01 4.344516959552284833e-04
2.648915000008389975e-01 5.170875617322834685e-04
2.736444095176252533e-01 5.978816182409143858e-04
2.823973190344115092e-01 6.708968957401238199e-04
2.911502285511977650e-01 7.323961735313796540e-04
2.999031380679840764e-01 7.795035943457403419e-04
3.086560475847703322e-01 8.139271601780989629e-04
3.174089571015565880e-01 8.435370989919901670e-04
3.261618666183428439e-01 8.754189744830809120e-04
3.349147761351290997e-01 9.096403700702210748e-04
3.436676856519153556e-01 9.437943827737551531e-04
3.524205951687016114e-01 9.770211035324224448e-04
3.611735046854878672e-01 1.010629488783012413e-03
3.699264142022741231e-01 1.045561828400468204e-03
3.786793237190603789e-01 1.079571586994488045e-03
3.874322332358466348e-01 1.109340862241623045e-03
3.961851427526329461e-01 1.137619215631143453e-03
4.049380522694192019e-01 1.175994476047924472e-03
4.136909617862054578e-01 1.236161505864860361e-03
4.224438713029917136e-01 1.326081129708189072e-03
4.311967808197779695e-01 1.452080357290614753e-03
4.399496903365642253e-01 1.610409404651593846e-03
4.487025998533504811e-01 1.782049590834728758e-03
4.574555093701367370e-01 1.949103345582891070e-03
4.662084188869229928e-01 2.109553524672954945e-03
4.749613284037093042e-01 2.267834072732934948e-03
4.837142379204955045e-01 2.427654915464880128e-03
4.924671474372818158e-01 2.591553773633106707e-03
5.012200569540680162e-01 2.764093838256860645e-03
5.099729664708543275e-01 2.964641288748091040e-03
5.187258759876405279e-01 3.218562998176391701e-03
5.274787855044268392e-01 3.530997396937250558e-03
5.362316950212131506e-01 3.873807395723695944e-03
5.449846045379993509e-01 4.217207329483572097e-03
5.537375140547856622e-01 4.541962920238297972e-03
5.624904235715718626e-01 4.833731030252043891e-03
5.712433330883581739e-01 5.095308941960440853e-03
5.799962426051443742e-01 5.358789500866323330e-03
5.887491521219306856e-01 5.649888981859547271e-03
5.975020616387168859e-01 5.923485359680918765e-03
6.062549711555031973e-01 6.103055687502049673e-03
6.150078806722893976e-01 6.233602205499481561e-03
6.237607901890757089e-01 6.577066812143735411e-03
6.325136997058620203e-01 7.368704247586385647e-03
6.412666092226482206e-01 8.448825337600251659e-03
6.500195187394345320e-01 9.468890377103505313e-03
6.587724282562207323e-01 1.023861683246022822e-02
6.675253377730070437e-01 1.086391535717804759e-02
6.762782472897932440e-01 1.146495494939939706e-02
6.850311568065795553e-01 1.201012957432688946e-02
6.937840663233657557e-01 1.239271717485628498e-02
7.025369758401520670e-01 1.264451965100220690e-02
7.112898853569382673e-01 1.306656286372173334e-02
7.200427948737245787e-01 1.393726860890881838e-02
7.287957043905108900e-01 1.506035144485490425e-02
7.375486139072970904e-01 1.599226457474711705e-02
7.463015234240834017e-01 1.648388429820231080e-02
7.550544329408696020e-01 1.668274143355344408e-02
7.638073424576559134e-01 1.679094901990479949e-02
7.725602519744421137e-01 1.707488857801126719e-02
7.813131614912284251e-01 1.783507836663077509e-02
7.900660710080146254e-01 1.921691415021803059e-02
7.988189805248009367e-01 2.103874298746300289e-02
8.075718900415871371e-01 2.306068449914618762e-02
8.163247995583734484e-01 2.487646098154800214e-02
8.250777090751597598e-01 2.598746900764934906e-02
8.338306185919459601e-01 2.634685107555865408e-02
8.425835281087322715e-01 2.690117891004158504e-02
8.513364376255184718e-01 2.860368285276537054e-02
8.600893471423047831e-01 3.110848665212683634e-02
8.688422566590909835e-01 3.330215293697302847e-02
8.775951661758772948e-01 3.452997504030871218e-02
8.863480756926634951e-01 3.521011082493425565e-02
8.951009852094498065e-01 3.586354044144775960e-02
9.038538947262361178e-01 3.650108310077623125e-02
9.126068042430223182e-01 3.682018021047735179e-02
9.213597137598086295e-01 3.690391335308862431e-02
9.301126232765948298e-01 3.776735811995084180e-02
9.388655327933811412e-01 4.041366375442730086e-02
9.476184423101673415e-01 4.413469757094337642e-02
9.563713518269536529e-01 4.712529399556607268e-02
9.651242613437398532e-01 4.834015592549992940e-02
9.738771708605260535e-01 4.867314624244360732e-02
9.826300803773124759e-01 4.924848310321475880e-02
9.913829898940986762e-01 5.037537148858893532e-02
1.000135899410884877e+00 5.181812072544420694e-02
1.008888808927671299e+00 5.335264667014835011e-02
1.017641718444457499e+00 5.481104744677670060e-02
1.026394627961243700e+00 5.604589713797136774e-02
1.035147537478029900e+00 5.705767242474227979e-02
1.043900446994816322e+00 5.794974101943956707e-02
1.052653356511602523e+00 5.880086060349518778e-02
1.061406266028388723e+00 5.961722806244849210e-02
1.070159175545174923e+00 6.039778504545759846e-02
1.078912085061961346e+00 6.120923606416823343e-02
1.087664994578747546e+00 6.216726137232527621e-02
1.096417904095533746e+00 6.329579751359823425e-02
1.105170813612320169e+00 6.435517527672979243e-02
1.113923723129106369e+00 6.507789920894305191e-02
1.122676632645892569e+00 6.546671332517922659e-02
1.131429542162678770e+00 6.572800928956018529e-02
1.140182451679465192e+00 6.603996270054106332e-02
1.148935361196251392e+00 6.648221635168159727e-02
1.157688270713037593e+00 6.710906533287218367e-02
1.166441180229823793e+00 6.786465131331702316e-02
1.175194089746610215e+00 6.860675510323108184e-02
1.183946999263396416e+00 6.922938917010978965e-02
1.192699908780182616e+00 6.974610836312165885e-02
1.201452818296969038e+00 7.019303924684816565e-02
1.210205727813755239e+00 7.059759816705020452e-02
1.218958637330541439e+00 7.098008856175808123e-02
1.227711546847327639e+00 7.133660185994787628e-02
1.236464456364114062e+00 7.158540000779073376e-02
1.245217365880900262e+00 7.163561591731817946e-02
1.253970275397686462e+00 7.151158214580254080e-02
1.262723184914472663e+00 7.133539674201956615e-02
1.271476094431259085e+00 7.120128213942263085e-02
1.280229003948045285e+00 7.109843172755948848e-02
1.288981913464831486e+00 7.099489662085600727e-02
1.297734822981617908e+00 7.087907390394505847e-02
1.306487732498404108e+00 7.075732276332039050e-02
1.315240642015190309e+00 7.063627505478221880e-02
1.323993551531976509e+00 7.052134142042161546e-02
1.332746461048762932e+00 7.041683883466222371e-02
1.341499370565549132e+00 7.031076898125732111e-02
1.350252280082335332e+00 7.017615136670360410e-02
1.359005189599121532e+00 6.999209138614190251e-02
1.367758099115907955e+00 6.976233389472416557e-02
1.376511008632694155e+00 6.949645350359429097e-02
1.385263918149480356e+00 6.920651216580775422e-02
1.394016827666266778e+00 6.890694761997279150e-02
1.402769737183052978e+00 6.861033507590964808e-02
1.411522646699839179e+00 6.832165228885110630e-02
1.420275556216625379e+00 6.804339522421061492e-02
1.429028465733411801e+00 6.776353839506328580e-02
1.437781375250198002e+00 6.745562973209545676e-02
1.446534284766984202e+00 6.710419241061961471e-02
1.455287194283770402e+00 6.674083456551539728e-02
1.464040103800556825e+00 6.640659619202254893e-02
1.472793013317343025e+00 6.608103404288001581e-02
1.481545922834129225e+00 6.568017318729420240e-02
1.490298832350915648e+00 6.513308097033493338e-02
1.499051741867701848e+00 6.443667744277717380e-02
1.507804651384488048e+00 6.360778765689861780e-02
1.516557560901274249e+00 6.271286081894739128e-02
1.525310470418060671e+00 6.187168101098752815e-02
1.534063379934846871e+00 6.117533689983743056e-02
1.542816289451633072e+00 6.057565329629503725e-02
1.551569198968419272e+00 5.998760638808747769e-02
1.560322108485205694e+00 5.937826568340615757e-02
1.569075018001991895e+00 5.877293946022946886e-02
1.577827927518778095e+00 5.819134147075177843e-02
1.586580837035564517e+00 5.761287836215130131e-02
1.595333746552350718e+00 5.700687254080845368e-02
1.604086656069136918e+00 5.639258902803056389e-02
1.612839565585923118e+00 5.584737157276822156e-02
1.621592475102709541e+00 5.540137532705863288e-02
1.630345384619495741e+00 5.483912434014743403e-02
1.639098294136281941e+00 5.387963570696049920e-02
1.647851203653068142e+00 5.254601408484073366e-02
1.656604113169854564e+00 5.122923959144268236e-02
1.665357022686640764e+00 5.027016241172013733e-02
1.674109932203426965e+00 4.964191748432261742e-02
1.682862841720213387e+00 4.920187423803639576e-02
1.691615751236999587e+00 4.884591081235688248e-02
1.700368660753785788e+00 4.851842921927018021e-02
1.709121570270571988e+00 4.817553161431978315e-02
1.717874479787358410e+00 4.781925072842661828e-02
1.726627389304144611e+00 4.746662042373485380e-02
1.735380298820930811e+00 4.712466460750956709e-02
1.744133208337717234e+00 4.678728704522564646e-02
1.752886117854503434e+00 4.644839577813748149e-02
1.761639027371289634e+00 4.610687959907353722e-02
1.770391936888075834e+00 4.576339210554346976e-02
1.779144846404862257e+00 4.542015408966900564e-02
1.787897755921648457e+00 4.508151926884007565e-02
1.796650665438434658e+00 4.474698180898580013e-02
1.805403574955220858e+00 4.438670765075174857e-02
1.814156484472007280e+00 4.396085679811693320e-02
1.822909393988793481e+00 4.345959386115232082e-02
1.831662303505579681e+00 4.291564749420701680e-02
1.840415213022366103e+00 4.236540067147038374e-02
1.849168122539152304e+00 4.184781211535278100e-02
1.857921032055938504e+00 4.140229957356827972e-02
1.866673941572724704e+00 4.104103641635957478e-02
1.875426851089511127e+00 4.073598756671380217e-02
1.884179760606297327e+00 4.045726098035449386e-02
1.892932670123083527e+00 4.018380335504598277e-02
1.901685579639869728e+00 3.989806027407366562e-02
1.910438489156656150e+00 3.958268498903302207e-02
1.919191398673442350e+00 3.922063649338195651e-02
1.927944308190228551e+00 3.879909597384993691e-02
1.936697217707014973e+00 3.833351131489431962e-02
1.945450127223801173e+00 3.785097979992642359e-02
1.954203036740587374e+00 3.737733945386186030e-02
1.962955946257373574e+00 3.693635552963096813e-02
1.971708855774159774e+00 3.654824448432699574e-02
1.980461765290945975e+00 3.620946247081618247e-02
1.989214674807732619e+00 3.590623929302084322e-02
1.997967584324518819e+00 3.562549863945170536e-02
2.006720493841305242e+00 3.535538658146458041e-02
2.015473403358091442e+00 3.508413337462513992e-02
2.024226312874877642e+00 3.479973543324686724e-02
2.032979222391663843e+00 3.449029806994372005e-02
2.041732131908450043e+00 3.416168811849379372e-02
2.050485041425236687e+00 3.385058324320012330e-02
2.059237950942022888e+00 3.359458928369309788e-02
2.067990860458809088e+00 3.341460305837979511e-02
2.076743769975595288e+00 3.332346719834228255e-02
2.085496679492381489e+00 3.331309165692874358e-02
2.094249589009167689e+00 3.333764119825884109e-02
2.103002498525953889e+00 3.335209637247311260e-02
2.111755408042740090e+00 3.335054991153686005e-02
2.120508317559526734e+00 3.334616344755759326e-02
2.129261227076312935e+00 3.334677540994936129e-02
2.138014136593099135e+00 3.334995646274090120e-02
2.146767046109885335e+00 3.335246133306267458e-02
2.155519955626671535e+00 3.335379418053896483e-02
2.164272865143457736e+00 3.335485770022827978e-02
2.173025774660243936e+00 3.335624644183316639e-02
2.181778684177030581e+00 3.335792837749437800e-02
2.190531593693816781e+00 3.335977272405504096e-02
2.199284503210602981e+00 3.336141496001221451e-02
2.208037412727389182e+00 3.336237168335859371e-02
2.216790322244175382e+00 3.336293164534911287e-02
2.225543231760961582e+00 3.336496553580199642e-02
2.234296141277747783e+00 3.336975225248483418e-02
2.243049050794534427e+00 3.337109960285852134e-02
2.251801960311320627e+00 3.335871647487893138e-02
2.260554869828106828e+00 3.332845236419244156e-02
2.269307779344893028e+00 3.328934874292625162e-02
2.278060688861679228e+00 3.325142879480501301e-02
2.286813598378465429e+00 3.321757137822680533e-02
2.295566507895251629e+00 3.318653093986578123e-02
2.304319417412038273e+00 3.315579711108113115e-02
2.313072326928824474e+00 3.312015589311367858e-02
2.321825236445610674e+00 3.307565064495091717e-02
2.330578145962396874e+00 3.303545797309138249e-02
2.339331055479183075e+00 3.302292125995794775e-02
2.348083964995969275e+00 3.303074858369349498e-02
2.356836874512755475e+00 3.298021307262108404e-02
2.365589784029541676e+00 3.279006660993671191e-02
2.374342693546328320e+00 3.246363158662104315e-02
2.383095603063114520e+00 3.205712005643874402e-02
2.391848512579900721e+00 3.163170559768548051e-02
2.400601422096686921e+00 3.125862160644468646e-02
2.409354331613473121e+00 3.100336124736387949e-02
2.418107241130259322e+00 3.084629625033430411e-02
2.426860150647045522e+00 3.071244971521773504e-02
2.435613060163832166e+00 3.055089032696202411e-02
2.444365969680618367e+00 3.037388067818333828e-02
2.453118879197404567e+00 3.020195254742633409e-02
2.461871788714190767e+00 3.003615149541428997e-02
2.470624698230976968e+00 2.986433729349182928e-02
2.479377607747763168e+00 2.968392736602207954e-02
2.488130517264549368e+00 2.951823528961064827e-02
2.496883426781336013e+00 2.939287310084966187e-02
2.505636336298122213e+00 2.930810617396477705e-02
2.514389245814908413e+00 2.924632820183247633e-02
2.523142155331694614e+00 2.919296015406311340e-02
2.531895064848480814e+00 2.914280430796543919e-02
2.540647974365267014e+00 2.909243157229852300e-02
2.549400883882053215e+00 2.904071669248410592e-02
2.558153793398839415e+00 2.898822546723200250e-02
2.566906702915626060e+00 2.893569252931956284e-02
2.575659612432412260e+00 2.888422663688558489e-02
2.584412521949198460e+00 2.883476658636929466e-02
2.593165431465984661e+00 2.878474790646029513e-02
2.601918340982770861e+00 2.872892979286111731e-02
2.610671250499557061e+00 2.866075892646382725e-02
2.619424160016343262e+00 2.856993357277958986e-02
2.628177069533129906e+00 2.844650575472448817e-02
2.636929979049916106e+00 2.829711486255860955e-02
2.645682888566702307e+00 2.814157799079410396e-02
2.654435798083488507e+00 2.799384122804958117e-02
2.663188707600274707e+00 2.784822728192032013e-02
2.671941617117060908e+00 2.769606824501143205e-02
2.680694526633847108e+00 2.754306180583785194e-02
2.689447436150633752e+00 2.740677727111600487e-02
2.698200345667419953e+00 2.728901045919906315e-02
2.706953255184206153e+00 2.713847458469791779e-02
2.715706164700992353e+00 2.689621314198437432e-02
2.724459074217778554e+00 2.656077725538751738e-02
2.733211983734564754e+00 2.618017018208496430e-02
2.741964893251350954e+00 2.579799363544591287e-02
2.750717802768137155e+00 2.543715503248444171e-02
2.759470712284923799e+00 2.511499766965995598e-02
2.768223621801709999e+00 2.482770445825656716e-02
2.776976531318496200e+00 2.455253043264243873e-02
2.785729440835282400e+00 2.427069425685678475e-02
2.794482350352068600e+00 2.398008563031079135e-02
2.803235259868854801e+00 2.368271679315366723e-02
2.811988169385641001e+00 2.338814956850807439e-02
2.820741078902427645e+00 2.311297004728929752e-02
2.829493988419213846e+00 2.286869695449105649e-02
2.838246897936000046e+00 2.264675872124805381e-02
2.846999807452786246e+00 2.243411544505842514e-02
2.855752716969572447e+00 2.222337423181184463e-02
2.864505626486358647e+00 2.201260712049919743e-02
2.873258536003144847e+00 2.180080689639016245e-02
2.882011445519931492e+00 2.158971231029699345e-02
2.890764355036717692e+00 2.138117930050610627e-02
2.899517264553503892e+00 2.116405308598875296e-02
2.908270174070290093e+00 2.091408260724035226e-02
2.917023083587076293e+00 2.061526153368361397e-02
2.925775993103862493e+00 2.028794711608080184e-02
2.934528902620648694e+00 1.996112166787203379e-02
2.943281812137434894e+00 1.964515313401039159e-02
2.952034721654221539e+00 1.933092104888466459e-02
2.960787631171007739e+00 1.901154700643680265e-02
2.969540540687793939e+00 1.869378710175002151e-02
2.978293450204580139e+00 1.838776303549994467e-02
2.987046359721366340e+00 1.809524979247832677e-02
2.995799269238152540e+00 1.780893295161322873e-02
3.004552178754938740e+00 1.752223419167893773e-02
3.013305088271725385e+00 1.723396689093402087e-02
3.022057997788511585e+00 1.694450360730259328e-02
3.030810907305297786e+00 1.665534667581349340e-02
3.039563816822083986e+00 1.636927804788029794e-02
3.048316726338870186e+00 1.608863014554051327e-02
3.057069635855656387e+00 1.581328673560492004e-02
3.065822545372442587e+00 1.554238930566790265e-02
3.074575454889229231e+00 1.527444617202707890e-02
3.083328364406015432e+00 1.500721972498091951e-02
3.092081273922801632e+00 1.473898196554640320e-02
3.100834183439587832e+00 1.447073562159892531e-02
3.109587092956374033e+00 1.420423858013604781e-02
3.118340002473160233e+00 1.393826792590699415e-02
3.127092911989946433e+00 1.366794675845713243e-02
3.135845821506732634e+00 1.338917599085100163e-02
3.144598731023519278e+00 1.310303686523971861e-02
3.153351640540305478e+00 1.281227740329415193e-02
3.162104550057091679e+00 1.251951048292694081e-02
3.170857459573877879e+00 1.222717560302435773e-02
3.179610369090664079e+00 1.193680000883745075e-02
3.188363278607450280e+00 1.164503022909892972e-02
3.197116188124236480e+00 1.134709431413635783e-02
3.205869097641023124e+00 1.104745834641827039e-02
3.214622007157809325e+00 1.076284737380618813e-02
3.223374916674595525e+00 1.050722165233376575e-02
3.232127826191381725e+00 1.027405989489759211e-02
3.240880735708167926e+00 1.004975088315164175e-02
3.249633645224954126e+00 9.826204718220854159e-03
3.258386554741740326e+00 9.602965784909500008e-03
3.267139464258526971e+00 9.380025842802858921e-03
3.275892373775313171e+00 9.156717528052454175e-03
3.284645283292099371e+00 8.932166084714338039e-03
3.293398192808885572e+00 8.707228396122257408e-03
3.302151102325671772e+00 8.485250060871361508e-03
3.310904011842457972e+00 8.268025731296481731e-03
3.319656921359244173e+00 8.046492920848703420e-03
3.328409830876030373e+00 7.807585424972598477e-03
3.337162740392817017e+00 7.547408690271098335e-03
3.345915649909603218e+00 7.275798234661788252e-03
3.354668559426389418e+00 7.001739799552065928e-03
3.363421468943175618e+00 6.721333009441644857e-03
3.372174378459961819e+00 6.425820386208750366e-03
3.380927287976748019e+00 6.125417682700376454e-03
3.389680197493534219e+00 5.859902685696619443e-03
3.398433107010320864e+00 5.663681011473472617e-03
3.407186016527107064e+00 5.516881269684642194e-03
3.415938926043893265e+00 5.377187852945716946e-03
3.424691835560679465e+00 5.221520749428778044e-03
3.433444745077465665e+00 5.058107638076292378e-03
3.442197654594251865e+00 4.896883530430822841e-03
3.450950564111038066e+00 4.739505772312120266e-03
3.459703473627824710e+00 4.584030960132762580e-03
3.468456383144610911e+00 4.429743039572146650e-03
3.477209292661397111e+00 4.278023547708204033e-03
3.485962202178183311e+00 4.130138420341486656e-03
3.494715111694969512e+00 3.984959472524089892e-03
3.503468021211755712e+00 3.840277516645547104e-03
3.512220930728541912e+00 3.694771347382915742e-03
3.520973840245328557e+00 3.548690959774789336e-03
3.529726749762114757e+00 3.402459858494666454e-03
3.538479659278900957e+00 3.256612092098447667e-03
3.547232568795687158e+00 3.111732151994732205e-03
3.555985478312473358e+00 2.968196367761085676e-03
3.564738387829259558e+00 2.825999143575847871e-03
3.573491297346045759e+00 2.685051112900850925e-03
3.582244206862831959e+00 2.544905956605881831e-03
3.590997116379618603e+00 2.404942338110165490e-03
3.599750025896404804e+00 2.264755226947497493e-03
3.608502935413191004e+00 2.124354937740807053e-03
3.617255844929977204e+00 1.983822250948422301e-03
3.626008754446763405e+00 1.843445420348049967e-03
3.634761663963549605e+00 1.703615127031060271e-03
3.643514573480335805e+00 1.564092267787405314e-03
3.652267482997122450e+00 1.423382866690184410e-03
3.661020392513908650e+00 1.280802368321005361e-03
3.669773302030694850e+00 1.144473556146975712e-03
3.678526211547481051e+00 1.027207234172519083e-03
3.687279121064267251e+00 9.334362143686566679e-04
3.696032030581053451e+00 8.501191390451510272e-04
3.704784940097839652e+00 7.633801520220489471e-04
3.713537849614626296e+00 6.722935103104224139e-04
3.722290759131412496e+00 5.831719761633730658e-04
3.731043668648198697e+00 4.975162301353559064e-04
3.739796578164984897e+00 4.062436213717002210e-04
3.748549487681771097e+00 3.015535142754698431e-04
3.757302397198557298e+00 2.028104739450849918e-04
3.766055306715343498e+00 1.451664317137355464e-04
3.774808216232129698e+00 1.445064676182682736e-04
3.783561125748916343e+00 1.727912782528436377e-04
3.792314035265702543e+00 1.982451947075080344e-04
3.801066944782488743e+00 2.136505187812099825e-04
3.809819854299274944e+00 2.267255793214655501e-04
3.818572763816061144e+00 2.426926427868333631e-04
3.827325673332847344e+00 2.603989984013660940e-04
3.836078582849633545e+00 2.778976767079003674e-04
3.844831492366420189e+00 2.946317991137560209e-04
3.853584401883206390e+00 3.109256864924768871e-04
3.862337311399992590e+00 3.272166857590734610e-04
3.871090220916778790e+00 3.441855103352637929e-04
3.879843130433564991e+00 3.623629592747250002e-04
3.888596039950351191e+00 3.800431053376675640e-04
3.897348949467137391e+00 3.940473630027950492e-04
3.906101858983924036e+00 4.024924662892101056e-04
3.914854768500710236e+00 4.068849008294547482e-04
3.923607678017496436e+00 4.092051639867429636e-04
3.932360587534282637e+00 4.106489036345051702e-04
3.941113497051068837e+00 4.118724503372436004e-04
3.949866406567855037e+00 4.133251346810151239e-04
3.958619316084641238e+00 4.149300880288229326e-04
3.967372225601427882e+00 4.165304511815094961e-04
3.976125135118213638e+00 4.180658717639681586e-04
3.984878044635000283e+00 4.195450061340376771e-04
3.993630954151786039e+00 4.210044840945754031e-04
4.002383863668572239e+00 4.225550340881926862e-04
4.011136773185358884e+00 4.242961264810737746e-04
4.019889682702144640e+00 4.259843611533738281e-04
4.028642592218931284e+00 4.271217952732879572e-04
4.037395501735717041e+00 4.277427374421625093e-04
4.046148411252503685e+00 4.294553883600412021e-04
4.054901320769289441e+00 4.340757688367677088e-04
4.063654230286076086e+00 4.422389812798999099e-04
4.072407139802862730e+00 4.536660861829237292e-04
4.081160049319648486e+00 4.677944988801088278e-04
4.089912958836435131e+00 4.832675854291686363e-04
4.098665868353220887e+00 4.986401279040633813e-04
4.107418777870007531e+00 5.134693446335266993e-04
4.116171687386793288e+00 5.281195338690993901e-04
4.124924596903579932e+00 5.428892287043295215e-04
4.133677506420366576e+00 5.577936723150189822e-04
4.142430415937152333e+00 5.727861305231715227e-04
4.151183325453938977e+00 5.877255851111424676e-04
4.159936234970724733e+00 6.023920870907663360e-04
4.168689144487511378e+00 6.167922192734386121e-04
4.177442054004297134e+00 6.316973962154258859e-04
4.186194963521083778e+00 6.479137752506008725e-04
4.194947873037870423e+00 6.639810144985776970e-04
4.203700782554656179e+00 6.764639319156439149e-04
4.212453692071442823e+00 6.817050431638017492e-04
4.221206601588228580e+00 6.755010982705873150e-04
4.229959511105015224e+00 6.538743975634008550e-04
4.238712420621800980e+00 6.195299042801675213e-04
4.247465330138587625e+00 5.812291899930991084e-04
4.256218239655373381e+00 5.458806263826117928e-04
4.264971149172160025e+00 5.128196166389289079e-04
4.273724058688946670e+00 4.797232533013320453e-04
4.282476968205732426e+00 4.457429099922051810e-04
4.291229877722519070e+00 4.114197757061093712e-04
4.299982787239304827e+00 3.772476274727879636e-04
4.308735696756091471e+00 3.433317393812956603e-04
4.317488606272877227e+00 3.096702258270755807e-04
4.326241515789663872e+00 2.759430060576119424e-04
4.334994425306450516e+00 2.415180000000080509e-04
