-8.528867481698761133e-02 4.258049999999902083e-04
-7.645670429089734821e-02 4.541725923724452326e-04
-6.762473376480709897e-02 4.826587857612156009e-04
-5.879276323871683585e-02 5.111526096374889973e-04
-4.996079271262657967e-02 5.396026455610400917e-04
-4.112882218653632349e-02 5.680182097932911329e-04
-3.229685166044606037e-02 5.964198273139685764e-04
-2.346488113435580419e-02 6.248634860373857101e-04
-1.463291060826554801e-02 6.534083141348227168e-04
-5.800940082175284895e-03 6.819561277257239328e-04
3.031030443914964345e-03 7.102418702815148409e-04
1.186300097000522746e-02 7.381901298557296898e-04
2.069497149609549058e-02 7.665911753339991162e-04
2.952694202218573982e-02 7.963920808954617035e-04
3.835891254827600294e-02 8.263260216368839648e-04
4.719088307436626606e-02 8.526834434517852968e-04
5.602285360045651530e-02 8.742617398336601387e-04
6.485482412654676454e-02 9.019223743169179448e-04
7.368679465263704154e-02 9.495698351966027836e-04
8.251876517872729078e-02 1.018849275438855591e-03
9.135073570481754002e-02 1.097335551698071406e-03
1.001827062309078170e-01 1.173988965811022028e-03
1.090146767569980663e-01 1.248126899066670731e-03
1.178466472830883155e-01 1.322126290206484785e-03
1.266786178091786064e-01 1.397034265953979015e-03
1.355105883352688556e-01 1.472309638154602283e-03
1.443425588613591048e-01 1.547417285320840672e-03
1.531745293874493541e-01 1.622320085449181163e-03
1.620064999135396033e-01 1.697137296728795219e-03
1.708384704396299081e-01 1.772005362539590036e-03
1.796704409657201573e-01 1.847082003604638397e-03
1.885024114918104066e-01 1.922411636992394984e-03
1.973343820179006558e-01 1.997436441270440764e-03
2.061663525439909050e-01 2.071403469245626169e-03
2.149983230700811543e-01 2.143634949797611385e-03
2.238302935961714035e-01 2.213550398820136964e-03
2.326622641222617083e-01 2.280824073141007879e-03
2.414942346483519575e-01 2.346496048121707572e-03
2.503262051744422068e-01 2.412054376870358553e-03
2.591581757005324560e-01 2.478181337673121543e-03
2.679901462266227052e-01 2.544475277033010283e-03
2.768221167527129545e-01 2.610558248576020247e-03
2.856540872788032592e-01 2.676628180255113260e-03
2.944860578048935085e-01 2.743075586217482743e-03
3.033180283309837577e-01 2.809680554125664354e-03
3.121499988570740070e-01 2.875368735571963690e-03
3.209819693831642562e-01 2.939570966935766989e-03
3.298139399092545054e-01 3.005151530703751954e-03
3.386459104353448102e-01 3.076224906011216370e-03
3.474778809614350594e-01 3.155300892409301609e-03
3.563098514875253087e-01 3.242549390211029239e-03
3.651418220136155579e-01 3.337538017661944526e-03
3.739737925397058071e-01 3.437192853353612538e-03
3.828057630657960564e-01 3.537444286732755426e-03
3.916377335918863056e-01 3.636145831048214535e-03
4.004697041179766104e-01 3.734069516060370235e-03
4.093016746440668596e-01 3.832136874375059645e-03
4.181336451701571089e-01 3.930646171320713138e-03
4.269656156962474136e-01 4.029634847852222278e-03
4.357975862223376073e-01 4.128687749455962376e-03
4.446295567484279121e-01 4.226676684568774454e-03
4.534615272745181058e-01 4.322952041215490787e-03
4.622934978006084106e-01 4.420629106780514690e-03
4.711254683266986043e-01 4.524387739697018421e-03
4.799574388527889091e-01 4.636473562943937456e-03
4.887894093788792138e-01 4.755122865102203063e-03
4.976213799049694075e-01 4.878285071379097511e-03
5.064533504310596568e-01 5.004537223775267288e-03
5.152853209571498505e-01 5.132722654387167870e-03
5.241172914832401553e-01 5.260742092389748305e-03
5.329492620093303490e-01 5.384881113590219044e-03
5.417812325354206537e-01 5.502945339853728031e-03
5.506132030615109585e-01 5.625595038642750186e-03
5.594451735876011522e-01 5.769325995530570801e-03
5.682771441136914570e-01 5.941001488224868093e-03
5.771091146397816507e-01 6.130257145170403543e-03
5.859410851658719555e-01 6.325695982301561375e-03
5.947730556919622602e-01 6.521931272814016946e-03
6.036050262180524539e-01 6.716500079562951094e-03
6.124369967441427587e-01 6.909691390136554062e-03
6.212689672702329524e-01 7.106870491708858900e-03
6.301009377963232572e-01 7.313198078628398852e-03
6.389329083224134509e-01 7.527438610214535163e-03
6.477648788485037556e-01 7.745151554981686941e-03
6.565968493745940604e-01 7.963027283323998937e-03
6.654288199006842541e-01 8.179992024596590902e-03
6.742607904267745589e-01 8.395991350764069050e-03
6.830927609528647526e-01 8.617757505414613134e-03
6.919247314789550574e-01 8.855528610618753141e-03
7.007567020050452511e-01 9.112706515576636870e-03
7.095886725311355558e-01 9.378837961978338245e-03
7.184206430572258606e-01 9.642799017614481563e-03
7.272526135833160543e-01 9.902779741350098072e-03
7.360845841094063591e-01 1.016202447792517727e-02
7.449165546354965528e-01 1.041890596265057645e-02
7.537485251615868576e-01 1.066144124139351002e-02
7.625804956876771623e-01 1.087816338854550799e-02
7.714124662137673560e-01 1.107557626929276881e-02
7.802444367398576608e-01 1.127036602880277655e-02
7.890764072659478545e-01 1.147194156586362444e-02
7.979083777920381593e-01 1.167348817619873365e-02
8.067403483181283530e-01 1.186762833195608227e-02
8.155723188442186578e-01 1.206348752314268143e-02
8.244042893703089625e-01 1.227996496606678992e-02
8.332362598963991562e-01 1.253564931292908136e-02
8.420682304224894610e-01 1.284812578718881604e-02
8.509002009485796547e-01 1.323205643014402702e-02
8.597321714746699595e-01 1.367163663380955435e-02
8.685641420007601532e-01 1.413231368963715345e-02
8.773961125268504579e-01 1.459275349913535108e-02
8.862280830529407627e-01 1.506384947153931349e-02
8.950600535790309564e-01 1.555845515181767010e-02
9.038920241051212612e-01 1.605766327637249413e-02
9.127239946312114549e-01 1.652221832293628012e-02
9.215559651573017597e-01 1.693154438860141470e-02
9.303879356833919534e-01 1.731246364685279371e-02
9.392199062094823692e-01 1.769602133045901013e-02
9.480518767355725629e-01 1.807615840104141725e-02
9.568838472616627566e-01 1.842203848541085209e-02
9.657158177877529504e-01 1.871760656926237804e-02
9.745477883138433661e-01 1.898645817736044350e-02
9.833797588399335599e-01 1.925709639821599622e-02
9.922117293660237536e-01 1.953916577716806671e-02
1.001043699892114169e+00 1.982918212336458319e-02
1.009875670418204363e+00 2.012070585178729262e-02
1.018707640944294557e+00 2.039998802247173365e-02
1.027539611470384751e+00 2.065522071163184564e-02
1.036371581996475166e+00 2.091795797307508670e-02
1.045203552522565360e+00 2.125113440540687959e-02
1.054035523048655554e+00 2.169531508417156182e-02
1.062867493574745970e+00 2.222555795865538072e-02
1.071699464100836163e+00 2.280589554760985641e-02
1.080531434626926357e+00 2.340792748075214841e-02
1.089363405153016551e+00 2.400896246365485584e-02
1.098195375679106967e+00 2.459420495242006094e-02
1.107027346205197160e+00 2.517187121309735764e-02
1.115859316731287354e+00 2.575354606019807091e-02
1.124691287257377770e+00 2.633728121541711181e-02
1.133523257783467963e+00 2.691051263754142692e-02
1.142355228309558157e+00 2.745336168337695823e-02
1.151187198835648351e+00 2.792414779811878967e-02
1.160019169361738767e+00 2.828029574105972790e-02
1.168851139887828960e+00 2.853351667953781326e-02
1.177683110413919154e+00 2.873980954369974999e-02
1.186515080940009570e+00 2.895337207222309014e-02
1.195347051466099764e+00 2.921836822814954243e-02
1.204179021992189957e+00 2.957522541826943310e-02
1.213010992518280151e+00 3.003465791396994072e-02
1.221842963044370567e+00 3.058216103584429288e-02
1.230674933570460761e+00 3.119261872584066717e-02
1.239506904096550954e+00 3.180764855972783439e-02
1.248338874622641370e+00 3.236415662354405476e-02
1.257170845148731564e+00 3.284233847623039410e-02
1.266002815674821758e+00 3.326060711842532963e-02
1.274834786200912173e+00 3.363881409710303000e-02
1.283666756727002367e+00 3.399725675424352528e-02
1.292498727253092561e+00 3.435724327208049961e-02
1.301330697779182755e+00 3.475816096687400075e-02
1.310162668305273170e+00 3.525599876208011796e-02
1.318994638831363364e+00 3.588025612372884587e-02
1.327826609357453558e+00 3.655987739038076001e-02
1.336658579883543974e+00 3.720360014169386137e-02
1.345490550409634167e+00 3.778603191611320383e-02
1.354322520935724361e+00 3.834469600871030781e-02
1.363154491461814555e+00 3.890937131674366417e-02
1.371986461987904971e+00 3.947001815122812979e-02
1.380818432513995164e+00 4.000856894405548092e-02
1.389650403040085358e+00 4.054403226479680322e-02
1.398482373566175774e+00 4.113225059897271385e-02
1.407314344092265967e+00 4.178704153137532962e-02
1.416146314618356161e+00 4.234514290353695587e-02
1.424978285144446355e+00 4.261736082994292685e-02
1.433810255670536771e+00 4.287866120365826927e-02
1.442642226196626964e+00 4.388363413082355113e-02
1.451474196722717158e+00 4.609519718894289353e-02
1.460306167248807574e+00 4.864312728988549883e-02
1.469138137774897768e+00 5.033808261808418033e-02
1.477970108300987961e+00 5.090731606313888408e-02
1.486802078827078155e+00 5.106322063503676567e-02
1.495634049353168571e+00 5.143267835758034284e-02
1.504466019879258765e+00 5.204636362966452712e-02
1.513297990405348958e+00 5.277156494446876012e-02
1.522129960931439374e+00 5.353884279389910239e-02
1.530961931457529568e+00 5.434949907108028305e-02
1.539793901983619762e+00 5.519064747732470300e-02
1.548625872509709955e+00 5.596605196000630639e-02
1.557457843035800371e+00 5.655886655176402267e-02
1.566289813561890565e+00 5.696297629385684708e-02
1.575121784087980759e+00 5.730103611619425524e-02
1.583953754614071174e+00 5.767938830437124159e-02
1.592785725140161368e+00 5.808970647834913598e-02
1.601617695666251562e+00 5.848951879237071494e-02
1.610449666192341978e+00 5.885961125528318960e-02
1.619281636718432171e+00 5.920891462296423713e-02
1.628113607244522365e+00 5.954614514094314082e-02
1.636945577770612559e+00 5.987033681941034829e-02
1.645777548296702975e+00 6.017834541141157956e-02
1.654609518822793168e+00 6.049956886103065312e-02
1.663441489348883362e+00 6.090436102688623343e-02
1.672273459874973778e+00 6.144736857396390639e-02
1.681105430401063972e+00 6.208553020274959477e-02
1.689937400927154165e+00 6.274398050761424706e-02
1.698769371453244359e+00 6.337341267638559039e-02
1.707601341979334775e+00 6.395801413666170332e-02
1.716433312505424968e+00 6.448847613170995141e-02
1.725265283031515162e+00 6.497916680500495645e-02
1.734097253557605578e+00 6.545244176021229598e-02
1.742929224083695772e+00 6.592067564556623738e-02
1.751761194609785965e+00 6.638263325324351982e-02
1.760593165135876159e+00 6.683608484828425234e-02
1.769425135661966575e+00 6.727869364251458373e-02
1.778257106188056769e+00 6.770830336966338070e-02
1.787089076714146962e+00 6.813322674741670304e-02
1.795921047240237378e+00 6.857662034503372861e-02
1.804753017766327572e+00 6.904862658894685146e-02
1.813584988292417766e+00 6.947269486254108173e-02
1.822416958818507959e+00 6.974107068585508329e-02
1.831248929344598375e+00 6.983194457833287461e-02
1.840080899870688569e+00 6.985043149544760410e-02
1.848912870396778763e+00 6.989723866155185539e-02
1.857744840922869178e+00 6.997919195731909514e-02
1.866576811448959372e+00 7.006622279598051506e-02
1.875408781975049566e+00 7.014182600700306913e-02
1.884240752501139760e+00 7.021047355712443927e-02
1.893072723027230175e+00 7.027833649285822326e-02
1.901904693553320369e+00 7.035102299980174057e-02
1.910736664079410563e+00 7.043372522447452488e-02
1.919568634605500757e+00 7.051962313642186342e-02
1.928400605131591172e+00 7.058268567141826044e-02
1.937232575657681588e+00 7.059956280860532618e-02
1.946064546183771560e+00 7.057802830112147596e-02
1.954896516709861976e+00 7.053915873884424037e-02
1.963728487235952391e+00 7.049631279030139919e-02
1.972560457762042363e+00 7.044990761966100912e-02
1.981392428288132779e+00 7.040005662393115926e-02
1.990224398814222750e+00 7.035370493885824417e-02
1.999056369340313166e+00 7.032066472766343446e-02
2.007888339866403804e+00 7.029386292876096953e-02
2.016720310392493776e+00 7.023691113778623984e-02
2.025552280918584191e+00 7.011513740151842367e-02
2.034384251444674607e+00 6.993000416849182166e-02
2.043216221970764579e+00 6.969988768850549077e-02
2.052048192496854995e+00 6.944081382430027094e-02
2.060880163022945410e+00 6.916438550113568340e-02
2.069712133549035382e+00 6.888240083021063276e-02
2.078544104075125798e+00 6.861205545282252072e-02
2.087376074601216214e+00 6.837281074169983264e-02
2.096208045127306185e+00 6.814371748241961069e-02
2.105040015653396601e+00 6.782770391637370222e-02
2.113871986179486573e+00 6.733450579157307381e-02
2.122703956705576989e+00 6.670474696228176348e-02
2.131535927231667404e+00 6.604544029606505828e-02
2.140367897757757376e+00 6.542518622633756997e-02
2.149199868283847792e+00 6.483616402765146614e-02
2.158031838809938208e+00 6.425918147246204026e-02
2.166863809336028179e+00 6.365262468609665658e-02
2.175695779862118595e+00 6.296319366456006039e-02
2.184527750388209011e+00 6.217012600972877945e-02
2.193359720914298983e+00 6.131944623859716947e-02
2.202191691440389398e+00 6.046359977253977502e-02
2.211023661966479814e+00 5.963841641945245853e-02
2.219855632492569786e+00 5.887041488144938162e-02
2.228687603018660202e+00 5.816576315734058727e-02
2.237519573544750617e+00 5.748742633993336043e-02
2.246351544070840589e+00 5.680058894565128552e-02
2.255183514596931005e+00 5.614829159513116952e-02
2.264015485123020976e+00 5.561820640553730849e-02
2.272847455649111392e+00 5.524590762022815044e-02
2.281679426175201808e+00 5.494985607314900600e-02
2.290511396701291780e+00 5.463948991605144245e-02
2.299343367227382195e+00 5.429578514263782435e-02
2.308175337753472611e+00 5.394264381818202059e-02
2.317007308279562583e+00 5.359764582481937184e-02
2.325839278805652999e+00 5.326233847038441827e-02
2.334671249331743415e+00 5.293491218711615653e-02
2.343503219857833386e+00 5.260143521930314009e-02
2.352335190383923802e+00 5.224040102308245836e-02
2.361167160910014218e+00 5.183160158831120329e-02
2.369999131436104189e+00 5.135825512962067380e-02
2.378831101962194605e+00 5.080716982635606616e-02
2.387663072488284577e+00 5.020141344414558171e-02
2.396495043014374993e+00 4.958760856067555983e-02
2.405327013540465408e+00 4.899311265649397562e-02
2.414158984066555380e+00 4.839555032057715062e-02
2.422990954592645796e+00 4.776790166082105910e-02
2.431822925118736212e+00 4.712165787248072391e-02
2.440654895644826183e+00 4.649434875048714250e-02
2.449486866170916599e+00 4.589361642885831510e-02
2.458318836697007015e+00 4.524688396268041618e-02
2.467150807223096987e+00 4.447470705906605287e-02
2.475982777749187402e+00 4.357948331658097196e-02
2.484814748275277818e+00 4.262133411260618510e-02
2.493646718801367790e+00 4.166338836714646165e-02
2.502478689327458206e+00 4.077373396541322109e-02
2.511310659853548177e+00 4.001591774369801791e-02
2.520142630379638593e+00 3.937836287336127228e-02
2.528974600905729009e+00 3.879436896854494832e-02
2.537806571431818980e+00 3.821033411931586826e-02
2.546638541957909396e+00 3.761405806760260290e-02
2.555470512483999812e+00 3.700121410462316185e-02
2.564302483010089784e+00 3.637430731414225543e-02
2.573134453536180200e+00 3.574105855238470658e-02
2.581966424062270615e+00 3.510662920649292723e-02
2.590798394588360587e+00 3.446807717705519664e-02
2.599630365114451003e+00 3.382196544822169137e-02
2.608462335640541419e+00 3.318093710664572760e-02
2.617294306166631390e+00 3.257040729208170865e-02
2.626126276692721806e+00 3.200365967612130852e-02
2.634958247218812222e+00 3.145468503130231797e-02
2.643790217744902193e+00 3.089203863111386270e-02
2.652622188270992609e+00 3.032227047859776051e-02
2.661454158797082581e+00 2.978333611926733265e-02
2.670286129323172997e+00 2.930175775622753664e-02
2.679118099849263412e+00 2.886332755382852583e-02
2.687950070375353384e+00 2.844605840152350865e-02
2.696782040901443800e+00 2.803840174093275364e-02
2.705614011427534216e+00 2.763778523750998195e-02
2.714445981953624187e+00 2.723967767072327587e-02
2.723277952479714603e+00 2.683179940735745672e-02
2.732109923005805019e+00 2.640025337112672857e-02
2.740941893531894991e+00 2.593205706105438865e-02
2.749773864057985406e+00 2.541504639335401272e-02
2.758605834584075822e+00 2.484538085624915515e-02
2.767437805110165794e+00 2.424908032114237930e-02
2.776269775636256210e+00 2.365761986730036820e-02
2.785101746162346181e+00 2.307690015097587852e-02
2.793933716688436597e+00 2.248902686986968547e-02
2.802765687214527013e+00 2.188603396750368399e-02
2.811597657740616985e+00 2.130075480943167260e-02
2.820429628266707400e+00 2.077388241479849115e-02
2.829261598792797816e+00 2.030828638839255601e-02
2.838093569318887788e+00 1.987023245440324229e-02
2.846925539844978204e+00 1.943145080663434901e-02
2.855757510371068619e+00 1.899110951297603572e-02
2.864589480897158591e+00 1.855489009287217966e-02
2.873421451423249007e+00 1.812280968007115578e-02
2.882253421949339423e+00 1.768918377333359229e-02
2.891085392475429394e+00 1.725211311046710369e-02
2.899917363001519810e+00 1.682633691739780779e-02
2.908749333527609782e+00 1.643034892917335024e-02
2.917581304053700197e+00 1.606932327224308565e-02
2.926413274579790613e+00 1.573448904157761716e-02
2.935245245105880585e+00 1.541553379865400267e-02
2.944077215631971001e+00 1.509833240390716889e-02
2.952909186158061416e+00 1.476860591675933573e-02
2.961741156684151388e+00 1.443563056370273691e-02
2.970573127210241804e+00 1.413433352497651951e-02
2.979405097736332220e+00 1.389045578384765466e-02
2.988237068262422191e+00 1.368243868429372574e-02
2.997069038788512607e+00 1.347606551373046850e-02
3.005901009314603023e+00 1.325690471178415063e-02
3.014732979840692995e+00 1.303293653509202989e-02
3.023564950366783410e+00 1.281170499798757814e-02
3.032396920892873826e+00 1.259299131398041068e-02
3.041228891418963798e+00 1.237433389429193863e-02
3.050060861945054214e+00 1.215474406996235913e-02
3.058892832471144185e+00 1.193496906098443985e-02
3.067724802997234601e+00 1.171583538795925410e-02
3.076556773523325017e+00 1.149806872206026592e-02
3.085388744049414989e+00 1.128235004797662790e-02
3.094220714575505404e+00 1.106889528586500748e-02
3.103052685101595820e+00 1.085735031802329345e-02
3.111884655627685792e+00 1.064687234577454261e-02
3.120716626153776208e+00 1.043427043789113377e-02
3.129548596679866623e+00 1.021565738302929877e-02
3.138380567205956595e+00 9.989417098415651064e-03
3.147212537732047011e+00 9.756830169778610631e-03
3.156044508258137427e+00 9.519428805978428013e-03
3.164876478784227398e+00 9.279088552700820447e-03
3.173708449310317814e+00 9.037794353625418914e-03
3.182540419836407786e+00 8.797273440094604408e-03
3.191372390362498201e+00 8.558910985697328749e-03
3.200204360888588617e+00 8.323015747154128077e-03
3.209036331414678589e+00 8.083923952416029526e-03
3.217868301940769005e+00 7.834022921918554899e-03
3.226700272466859420e+00 7.572616590884036908e-03
3.235532242992949392e+00 7.308561749526186653e-03
3.244364213519039808e+00 7.049276943312493375e-03
3.253196184045130224e+00 6.789482775124712141e-03
3.262028154571220195e+00 6.519545578566568640e-03
3.270860125097310611e+00 6.245490546380319703e-03
3.279692095623401027e+00 5.995853343758709639e-03
3.288524066149490999e+00 5.795517741151236767e-03
3.297356036675581414e+00 5.635774707856481408e-03
3.306188007201671830e+00 5.495133304505409738e-03
3.315019977727761802e+00 5.358964378283229309e-03
3.323851948253852218e+00 5.222941322407224224e-03
3.332683918779942189e+00 5.084499846528565264e-03
3.341515889306032605e+00 4.947070284486596199e-03
3.350347859832123021e+00 4.816331518295346829e-03
3.359179830358212993e+00 4.688469448824195487e-03
3.368011800884303408e+00 4.544879801573926958e-03
3.376843771410393824e+00 4.368262465629441614e-03
3.385675741936483796e+00 4.159003426793732826e-03
3.394507712462574212e+00 3.924911801052678728e-03
3.403339682988664627e+00 3.674980856419280979e-03
3.412171653514754599e+00 3.420082763976715293e-03
3.421003624040845015e+00 3.169532653940950080e-03
3.429835594566935431e+00 2.920234144210739988e-03
3.438667565093025402e+00 2.663812190634121981e-03
3.447499535619115818e+00 2.402926643880214878e-03
3.456331506145205790e+00 2.158904735353818754e-03
3.465163476671296205e+00 1.953584112319157844e-03
3.473995447197386621e+00 1.799094630190224003e-03
3.482827417723476593e+00 1.702984286996717242e-03
3.491659388249567009e+00 1.659207981377398182e-03
3.500491358775657424e+00 1.637857931922430876e-03
3.509323329301747396e+00 1.609816935675415428e-03
3.518155299827837812e+00 1.571396365733118781e-03
3.526987270353928228e+00 1.530962796333076815e-03
3.535819240880018199e+00 1.493652497028021432e-03
3.544651211406108615e+00 1.458549345194462381e-03
3.553483181932199031e+00 1.424041278085127213e-03
3.562315152458289003e+00 1.388110379717438607e-03
3.571147122984379418e+00 1.348538266952093280e-03
3.579979093510469390e+00 1.303184856492837140e-03
3.588811064036559806e+00 1.250062292201819083e-03
3.597643034562650222e+00 1.187703459844205488e-03
3.606475005088740193e+00 1.119042986295707863e-03
3.615306975614830609e+00 1.049273673155068452e-03
3.624138946140921025e+00 9.814799245448338656e-04
3.632970916667010997e+00 9.145131803819105164e-04
3.641802887193101412e+00 8.469228018603587723e-04
3.650634857719191828e+00 7.790850143831612191e-04
3.659466828245281800e+00 7.123674087105710210e-04
3.668298798771372216e+00 6.493451608376682276e-04
3.677130769297462631e+00 5.950787178495424738e-04
3.685962739823552603e+00 5.541299582977472467e-04
3.694794710349643019e+00 5.232442018796560788e-04
3.703626680875733435e+00 4.947953665554152749e-04
3.712458651401823406e+00 4.636342713728046935e-04
3.721290621927913822e+00 4.300746913045949108e-04
3.730122592454003794e+00 3.953032457091951299e-04
3.738954562980094209e+00 3.621335402833814531e-04
3.747786533506184625e+00 3.343199039619918714e-04
3.756618504032274597e+00 3.133869315122726697e-04
3.765450474558365013e+00 2.958010116902593791e-04
3.774282445084455428e+00 2.776210961758301347e-04
3.783114415610545400e+00 2.579796564638099925e-04
3.791946386136635816e+00 2.378787901383163359e-04
3.800778356662726232e+00 2.180980459791084444e-04
3.809610327188816203e+00 1.988306408209580302e-04
3.818442297714906619e+00 1.801053775935581571e-04
3.827274268240997035e+00 1.610422346426943743e-04
3.836106238767087007e+00 1.401907461052600645e-04
3.844938209293177422e+00 1.179751942050816710e-04
3.853770179819267394e+00 9.944890798712404658e-05
3.862602150345357810e+00 8.991531024953818669e-05
3.871434120871448226e+00 8.930770360706344498e-05
3.880266091397538197e+00 9.401798534516780882e-05
3.889098061923628613e+00 1.010250665285252587e-04
3.897930032449719029e+00 1.089744398688805135e-04
3.906762002975809001e+00 1.168321888975027377e-04
3.915593973501898972e+00 1.242879358078614297e-04
3.924425944027989388e+00 1.315282245490276790e-04
3.933257914554079804e+00 1.387759649470612184e-04
3.942089885080170220e+00 1.463253822254275706e-04
3.950921855606260635e+00 1.544112039713101342e-04
3.959753826132351051e+00 1.623115367694328009e-04
3.968585796658440579e+00 1.686206885942756700e-04
3.977417767184530994e+00 1.718539438564652849e-04
3.986249737710621410e+00 1.703468646719799432e-04
3.995081708236711826e+00 1.626012055029375672e-04
4.003913678762802242e+00 1.499246436765935895e-04
4.012745649288892658e+00 1.357110592515630495e-04
4.021577619814982185e+00 1.225746288706912215e-04
4.030409590341072601e+00 1.107047882666288937e-04
4.039241560867163017e+00 9.977222254832477277e-05
4.048073531393253432e+00 8.827177428911570230e-05
4.056905501919343848e+00 7.378985595417684844e-05
4.065737472445433376e+00 5.657259089483988022e-05
4.074569442971523792e+00 4.506581742125040764e-05
4.083401413497614207e+00 4.862795029814416504e-05
4.092233384023704623e+00 6.623082272695228782e-05
4.101065354549795039e+00 8.848438216035436205e-05
4.109897325075885455e+00 1.082536910125969100e-04
4.118729295601974982e+00 1.263662262618845430e-04
4.127561266128065398e+00 1.451045519775962921e-04
4.136393236654155814e+00 1.645098318843511926e-04
4.145225207180246230e+00 1.827458395665419928e-04
4.154057177706336645e+00 1.980338601597068004e-04
4.162889148232427061e+00 2.089808710295003118e-04
4.171721118758516589e+00 2.144103231394228824e-04
4.180553089284607005e+00 2.156169978807750444e-04
4.189385059810697420e+00 2.160488805925326380e-04
4.198217030336787836e+00 2.180486460634539661e-04
4.207049000862878252e+00 2.198458033012037471e-04
4.215880971388967779e+00 2.190266196832828640e-04
4.224712941915058195e+00 2.181107072269929895e-04
4.233544912441148611e+00 2.240888284569021466e-04
4.242376882967239027e+00 2.417207179819424643e-04
4.251208853493329443e+00 2.670219785976448573e-04
4.260040824019419858e+00 2.941665640890089037e-04
4.268872794545509386e+00 3.205465050487000221e-04
4.277704765071599802e+00 3.465875366606943251e-04
4.286536735597690218e+00 3.727515690999380692e-04
4.295368706123780633e+00 3.991864525544380391e-04
4.304200676649871049e+00 4.259452072832825543e-04
4.313032647175960577e+00 4.526414600704171389e-04
4.321864617702050992e+00 4.784579999999958992e-04
