-6.940332660851256108e-01 9.447999999999973238e-05
-6.839681764384466511e-01 9.386297084951737311e-05
-6.739030867917678025e-01 9.324493003807068968e-05
-6.638379971450888428e-01 9.262681908042501690e-05
-6.537729074984099942e-01 9.200908084177891538e-05
-6.437078178517310345e-01 9.139164963534911548e-05
-6.336427282050520748e-01 9.077435414750275483e-05
-6.235776385583732262e-01 9.015667685269981922e-05
-6.135125489116942665e-01 8.953806640611951750e-05
-6.034474592650154179e-01 8.891942616988375927e-05
-5.933823696183364582e-01 8.830320262248320237e-05
-5.833172799716574985e-01 8.769009271743585668e-05
-5.732521903249786499e-01 8.707280648244638600e-05
-5.631871006782996902e-01 8.644260711407340716e-05
-5.531220110316208416e-01 8.581118038759179506e-05
-5.430569213849418819e-01 8.521274554868368551e-05
-5.329918317382629223e-01 8.465839625331665966e-05
-5.229267420915840736e-01 8.404793986896232408e-05
-5.128616524449051139e-01 8.325087849695727194e-05
-5.027965627982262653e-01 8.218302187196456228e-05
-4.927314731515473056e-01 8.081332972026686399e-05
-4.826663835048683460e-01 7.914481710494230139e-05
-4.726012938581894418e-01 7.732976642675618473e-05
-4.625362042115105377e-01 7.555992315300308251e-05
-4.524711145648316335e-01 7.385782754892236798e-05
-4.424060249181527293e-01 7.204399967414454483e-05
-4.323409352714737697e-01 7.006916617227106200e-05
-4.222758456247948655e-01 6.859698729128558268e-05
-4.122107559781159614e-01 6.849189804935252560e-05
-4.021456663314370572e-01 6.982940070176300135e-05
-3.920805766847580975e-01 7.170504252888622060e-05
-3.820154870380791934e-01 7.330769763250977937e-05
-3.719503973914002892e-01 7.463783614521121257e-05
-3.618853077447213851e-01 7.595756930326025963e-05
-3.518202180980424809e-01 7.737711594398598086e-05
-3.417551284513635212e-01 7.881022562473666661e-05
-3.316900388046846171e-01 8.018507435807109768e-05
-3.216249491580057129e-01 8.158085154899580175e-05
-3.115598595113268088e-01 8.311187928618811503e-05
-3.014947698646478491e-01 8.419789147940442346e-05
-2.914296802179689450e-01 8.332467094090975439e-05
-2.813645905712900408e-01 7.930381261563145131e-05
-2.712995009246111366e-01 7.320247189567753092e-05
-2.612344112779322325e-01 6.687398709884226160e-05
-2.511693216312532728e-01 6.125349738176543097e-05
-2.411042319845743687e-01 5.599003493982273401e-05
-2.310391423378954645e-01 5.067549523661842264e-05
-2.209740526912165604e-01 4.513558291018222765e-05
-2.109089630445376562e-01 3.929042178424657910e-05
-2.008438733978586965e-01 3.342428481584408355e-05
-1.907787837511798479e-01 2.835149175058698735e-05
-1.807136941045008882e-01 2.474976621677966337e-05
-1.706486044578219285e-01 2.216834716812891926e-05
-1.605835148111430799e-01 1.972383558004419293e-05
-1.505184251644641202e-01 1.694325688019086905e-05
-1.404533355177851606e-01 1.397725025275170484e-05
-1.303882458711063119e-01 1.106167047868711330e-05
-1.203231562244273523e-01 8.652407233948532727e-06
-1.102580665777485036e-01 7.287997274386315207e-06
-1.001929769310695439e-01 7.072488447754202121e-06
-9.012788728439058428e-02 7.423887218263171641e-06
-8.006279763771173563e-02 7.741766735783343130e-06
-6.999770799103277596e-02 7.717951166872907834e-06
-5.993261834435392732e-02 7.176262679534049240e-06
-4.986752869767496765e-02 6.496259694121559888e-06
-3.980243905099600799e-02 6.969900160981976004e-06
-2.973734940431715934e-02 1.041146260972199772e-05
-1.967225975763819967e-02 2.182694385541259370e-05
-9.607170110959351028e-03 4.756785500496523187e-05
4.579195357196086391e-04 8.850004987963701103e-05
1.052300918239856831e-02 1.360912548360499895e-04
2.058809882907741695e-02 1.818256788127134383e-04
3.065318847575637662e-02 2.243720600587966938e-04
4.071827812243522526e-02 2.657182031931518856e-04
5.078336776911418493e-02 3.076731392674452391e-04
6.084845741579314460e-02 3.516952142084680340e-04
7.091354706247199324e-02 3.978851890780567627e-04
8.097863670915095291e-02 4.357151660118306776e-04
9.104372635582991258e-02 4.496390315974417812e-04
1.011088160025087612e-01 4.350030144021380606e-04
1.111739056491877209e-01 4.074440218914393693e-04
1.212389952958665695e-01 3.831985190794777647e-04
1.313040849425455292e-01 3.649171033257800909e-04
1.413691745892244889e-01 3.484310355656465769e-04
1.514342642359033375e-01 3.305630767984584612e-04
1.614993538825822972e-01 3.101549181189376322e-04
1.715644435292611458e-01 2.868870786100402364e-04
1.816295331759401055e-01 2.658428482355779349e-04
1.916946228226190652e-01 2.549061348811873843e-04
2.017597124692979138e-01 2.578621313782378569e-04
2.118248021159768735e-01 2.701767569865661596e-04
2.218898917626557221e-01 2.865918322835006842e-04
2.319549814093346818e-01 3.044358248038232036e-04
2.420200710560136415e-01 3.224526246895143998e-04
2.520851607026924901e-01 3.399679263998521138e-04
2.621502503493714498e-01 3.575012088358616672e-04
2.722153399960502984e-01 3.755952603306735200e-04
2.822804296427292581e-01 3.935366366464923007e-04
2.923455192894082177e-01 4.099069695940359484e-04
3.024106089360870664e-01 4.251450266211237450e-04
3.124756985827659150e-01 4.437818241795458171e-04
3.225407882294448747e-01 4.705070051073806099e-04
3.326058778761238344e-01 5.060203799227259124e-04
3.426709675228027940e-01 5.486477365655486596e-04
3.527360571694817537e-01 5.941440032383700845e-04
3.628011468161604913e-01 6.324513512384839558e-04
3.728662364628394510e-01 6.554387684013353397e-04
3.829313261095184107e-01 6.849274904327269783e-04
3.929964157561973703e-01 7.611461588799216769e-04
4.030615054028763300e-01 9.042074515153957891e-04
4.131265950495552897e-01 1.085536432665084108e-03
4.231916846962340273e-01 1.270907267276385859e-03
4.332567743429129870e-01 1.442999023907437376e-03
4.433218639895919466e-01 1.595406208969982545e-03
4.533869536362709063e-01 1.743393437491463612e-03
4.634520432829498660e-01 1.955794580382427730e-03
4.735171329296286036e-01 2.301564947356399358e-03
4.835822225763075632e-01 2.750934739599065169e-03
4.936473122229865229e-01 3.208191502565605879e-03
5.037124018696654826e-01 3.609040126491316110e-03
5.137774915163444422e-01 3.974094586479257583e-03
5.238425811630231799e-01 4.334734764695940927e-03
5.339076708097021395e-01 4.685270827606557997e-03
5.439727604563810992e-01 4.994276102162451859e-03
5.540378501030600589e-01 5.269570043131756309e-03
5.641029397497390185e-01 5.627062463700509796e-03
5.741680293964177562e-01 6.190646612375873270e-03
5.842331190430967158e-01 6.944651665578736692e-03
5.942982086897756755e-01 7.772340544639037840e-03
6.043632983364546352e-01 8.570421531985920535e-03
6.144283879831335948e-01 9.280191166027018657e-03
6.244934776298123325e-01 9.856444134089419051e-03
6.345585672764912921e-01 1.033571105811221386e-02
6.446236569231702518e-01 1.081610810903775241e-02
6.546887465698492115e-01 1.137518116410516852e-02
6.647538362165281711e-01 1.202496293536116714e-02
6.748189258632069087e-01 1.276117074006762574e-02
6.848840155098858684e-01 1.351456043104485617e-02
6.949491051565648281e-01 1.416497600056390062e-02
7.050141948032437877e-01 1.465102727253205471e-02
7.150792844499227474e-01 1.509780366001154360e-02
7.251443740966014850e-01 1.565874767105021603e-02
7.352094637432804447e-01 1.636155132176083868e-02
7.452745533899594044e-01 1.713132718373203828e-02
7.553396430366383640e-01 1.793224661312076834e-02
7.654047326833173237e-01 1.886483550858654781e-02
7.754698223299960613e-01 2.005031037147654918e-02
7.855349119766750210e-01 2.148983656249975685e-02
7.956000016233539807e-01 2.308269370656501618e-02
8.056650912700329403e-01 2.473657556322789858e-02
8.157301809167119000e-01 2.639866247069078825e-02
8.257952705633908597e-01 2.802934832988240171e-02
8.358603602100695973e-01 2.967910428737568704e-02
8.459254498567485570e-01 3.147791954281311394e-02
8.559905395034275166e-01 3.346784400744051008e-02
8.660556291501064763e-01 3.536938071855065535e-02
8.761207187967854360e-01 3.684751434219153687e-02
8.861858084434641736e-01 3.787897786147249174e-02
8.962508980901431332e-01 3.872678114440394892e-02
9.063159877368220929e-01 3.962940473180747575e-02
9.163810773835010526e-01 4.069492758785047543e-02
9.264461670301800122e-01 4.199618292307968209e-02
9.365112566768587499e-01 4.349969288799683531e-02
9.465763463235377095e-01 4.507043650414509217e-02
9.566414359702166692e-01 4.657141979493679279e-02
9.667065256168956289e-01 4.787374486925686373e-02
9.767716152635745885e-01 4.886320052503798084e-02
9.868367049102533262e-01 4.971477592654201250e-02
9.969017945569322858e-01 5.089077123245271811e-02
1.006966884203611245e+00 5.267041070406715958e-02
1.017031973850290205e+00 5.453936176796760071e-02
1.027097063496969165e+00 5.580423022742794087e-02
1.037162153143647902e+00 5.631709386010982921e-02
1.047227242790326862e+00 5.649367595423421262e-02
1.057292332437005822e+00 5.674739405163162914e-02
1.067357422083684781e+00 5.737150171984006092e-02
1.077422511730363741e+00 5.861421597697935582e-02
1.087487601377042479e+00 6.037865975410550146e-02
1.097552691023721438e+00 6.219705619029330251e-02
1.107617780670400398e+00 6.366880393574823882e-02
1.117682870317079358e+00 6.477327981067584894e-02
1.127747959963758317e+00 6.559546047985752304e-02
1.137813049610437055e+00 6.622169034430028245e-02
1.147878139257116015e+00 6.673983821785955950e-02
1.157943228903794974e+00 6.722411584744625301e-02
1.168008318550473934e+00 6.768483030232110009e-02
1.178073408197152894e+00 6.811416260403184431e-02
1.188138497843831631e+00 6.851785958893663597e-02
1.198203587490510591e+00 6.891744586541077855e-02
1.208268677137189551e+00 6.932451858585328419e-02
1.218333766783868510e+00 6.969802504599945103e-02
1.228398856430547470e+00 6.998189267452957496e-02
1.238463946077226208e+00 7.015263668662238827e-02
1.248529035723905167e+00 7.022619819845328515e-02
1.258594125370584127e+00 7.022352981656330984e-02
1.268659215017263087e+00 7.017908936201597281e-02
1.278724304663942046e+00 7.013107416333946853e-02
1.288789394310621006e+00 7.009770216580024638e-02
1.298854483957299744e+00 7.007204505067733680e-02
1.308919573603978925e+00 7.004605386412394996e-02
1.318984663250657441e+00 7.001424491760399604e-02
1.329049752897336401e+00 6.997231688454580434e-02
1.339114842544015360e+00 6.992904488305831667e-02
1.349179932190694320e+00 6.991032538898214743e-02
1.359245021837373280e+00 6.992789177702724013e-02
1.369310111484052239e+00 6.990789181672861508e-02
1.379375201130731199e+00 6.974855847233246697e-02
1.389440290777410159e+00 6.942574459452520441e-02
1.399505380424089118e+00 6.902109799920422284e-02
1.409570470070768078e+00 6.861352041425917980e-02
1.419635559717446593e+00 6.822144545488295631e-02
1.429700649364125553e+00 6.784118752465954916e-02
1.439765739010804513e+00 6.745984246080805047e-02
1.449830828657483472e+00 6.705147873154265747e-02
1.459895918304162432e+00 6.659410176565236372e-02
1.469961007950841392e+00 6.609591924432987875e-02
1.480026097597520351e+00 6.557647947318347159e-02
1.490091187244199311e+00 6.505016958437631613e-02
1.500156276890878271e+00 6.452372821958728133e-02
1.510221366537557230e+00 6.400307902528194759e-02
1.520286456184236190e+00 6.349286021064014240e-02
1.530351545830914706e+00 6.299709019258706300e-02
1.540416635477593665e+00 6.251325845646665824e-02
1.550481725124272625e+00 6.202882668145281997e-02
1.560546814770951585e+00 6.153426860039908769e-02
1.570611904417630544e+00 6.104608824634429748e-02
1.580676994064309504e+00 6.059115451812999847e-02
1.590742083710988464e+00 6.017144757707014457e-02
1.600807173357667423e+00 5.974908661283213213e-02
1.610872263004346383e+00 5.928653651344416992e-02
1.620937352651025343e+00 5.877397803425071787e-02
1.631002442297703858e+00 5.821362043545277865e-02
1.641067531944382818e+00 5.761418462267713786e-02
1.651132621591061778e+00 5.699515872718041026e-02
1.661197711237740737e+00 5.637383254817309591e-02
1.671262800884419697e+00 5.574363846891097762e-02
1.681327890531098657e+00 5.508765290188801650e-02
1.691392980177777616e+00 5.441937464991899315e-02
1.701458069824456576e+00 5.380516347379857289e-02
1.711523159471135536e+00 5.330626307464379765e-02
1.721588249117814495e+00 5.290302783429778888e-02
1.731653338764493011e+00 5.253810342881572171e-02
1.741718428411171971e+00 5.217394830712107634e-02
1.751783518057850930e+00 5.180921685721149444e-02
1.761848607704529890e+00 5.144592396914905719e-02
1.771913697351208850e+00 5.108245497482497011e-02
1.781978786997887809e+00 5.071546421998714832e-02
1.792043876644566769e+00 5.034628480209010770e-02
1.802108966291245729e+00 4.998508211488529585e-02
1.812174055937924688e+00 4.963926459890700971e-02
1.822239145584603648e+00 4.928414665579983200e-02
1.832304235231282163e+00 4.887875023041435285e-02
1.842369324877961123e+00 4.838979078450827281e-02
1.852434414524640083e+00 4.779933674384920228e-02
1.862499504171319042e+00 4.710331661778883322e-02
1.872564593817998002e+00 4.640680598350657021e-02
1.882629683464676962e+00 4.587222251125866457e-02
1.892694773111355921e+00 4.557048819932796313e-02
1.902759862758034881e+00 4.538425864157075856e-02
1.912824952404713841e+00 4.518278559560910679e-02
1.922890042051392800e+00 4.492683930041377338e-02
1.932955131698071760e+00 4.462789801276082630e-02
1.943020221344750276e+00 4.430892106093804045e-02
1.953085310991429235e+00 4.401621500237595103e-02
1.963150400638108195e+00 4.379423638341561897e-02
1.973215490284787155e+00 4.363884780622714205e-02
1.983280579931466114e+00 4.351790218408338462e-02
1.993345669578145074e+00 4.339976403139295114e-02
2.003410759224824034e+00 4.325468703104443091e-02
2.013475848871502993e+00 4.305596645627503272e-02
2.023540938518181953e+00 4.280633466919709501e-02
2.033606028164860913e+00 4.252620777248070777e-02
2.043671117811539428e+00 4.223853633607962954e-02
2.053736207458218388e+00 4.197159517984348776e-02
2.063801297104897348e+00 4.175203222656642676e-02
2.073866386751576307e+00 4.157996800538939913e-02
2.083931476398255267e+00 4.143893229920984911e-02
2.093996566044934227e+00 4.131066209805864253e-02
2.104061655691613186e+00 4.117316602377683876e-02
2.114126745338292146e+00 4.100558906187983660e-02
2.124191834984971106e+00 4.080696138041281507e-02
2.134256924631650065e+00 4.058925072936348660e-02
2.144322014278328581e+00 4.036188587763796243e-02
2.154387103925007541e+00 4.012731672131205490e-02
2.164452193571686500e+00 3.988748930496702899e-02
2.174517283218365460e+00 3.965159336113278227e-02
2.184582372865044420e+00 3.943371523672097728e-02
2.194647462511723379e+00 3.924174907081897506e-02
2.204712552158402339e+00 3.906699392741590920e-02
2.214777641805081299e+00 3.889840794642052124e-02
2.224842731451760258e+00 3.872976863177526874e-02
2.234907821098439218e+00 3.855825665521336182e-02
2.244972910745117733e+00 3.838411221676073931e-02
2.255038000391796693e+00 3.821581650343244818e-02
2.265103090038475653e+00 3.806142144141154426e-02
2.275168179685154612e+00 3.790335853504209901e-02
2.285233269331833572e+00 3.770527243422126806e-02
2.295298358978512532e+00 3.744806262456754770e-02
2.305363448625191491e+00 3.716359210157087201e-02
2.315428538271870451e+00 3.688977911424819872e-02
2.325493627918549411e+00 3.661917993632520657e-02
2.335558717565228370e+00 3.630971430817916262e-02
2.345623807211907330e+00 3.592926910555142156e-02
2.355688896858585846e+00 3.547837784089253460e-02
2.365753986505264805e+00 3.496476907328659178e-02
2.375819076151943765e+00 3.441305640661615484e-02
2.385884165798622725e+00 3.386126504803892157e-02
2.395949255445301684e+00 3.333517354990774700e-02
2.406014345091980644e+00 3.282084947362130800e-02
2.416079434738659604e+00 3.229871442825334171e-02
2.426144524385338563e+00 3.178504069765852869e-02
2.436209614032017523e+00 3.132573155639722245e-02
2.446274703678696483e+00 3.094581979705061589e-02
2.456339793325374998e+00 3.059872664820406998e-02
2.466404882972053958e+00 3.022505981460418822e-02
2.476469972618732918e+00 2.979914449613289482e-02
2.486535062265411877e+00 2.932430203867390783e-02
2.496600151912090837e+00 2.881675803516576054e-02
2.506665241558769797e+00 2.833389812180152345e-02
2.516730331205448756e+00 2.793856048546546067e-02
2.526795420852127716e+00 2.762917334489991411e-02
2.536860510498806676e+00 2.734655056933895864e-02
2.546925600145485635e+00 2.704612622070812905e-02
2.556990689792164151e+00 2.674327819352035479e-02
2.567055779438843111e+00 2.646583146479318180e-02
2.577120869085522070e+00 2.622059189300303753e-02
2.587185958732201030e+00 2.599480863684759668e-02
2.597251048378879990e+00 2.577234838015787788e-02
2.607316138025558949e+00 2.552714138473350866e-02
2.617381227672237909e+00 2.523205630490082604e-02
2.627446317318916869e+00 2.488767221097401561e-02
2.637511406965595828e+00 2.452138512708649382e-02
2.647576496612274788e+00 2.415614642627219449e-02
2.657641586258953303e+00 2.379306723439573307e-02
2.667706675905632263e+00 2.342770367301622025e-02
2.677771765552311223e+00 2.305150083339263870e-02
2.687836855198990182e+00 2.265176574213663765e-02
2.697901944845669142e+00 2.222031344269675621e-02
2.707967034492348102e+00 2.176829351255460399e-02
2.718032124139027061e+00 2.131166191681312799e-02
2.728097213785706021e+00 2.086199203592266002e-02
2.738162303432384981e+00 2.042626887751860729e-02
2.748227393079063940e+00 2.000886836358022405e-02
2.758292482725742900e+00 1.960384595395220364e-02
2.768357572372421416e+00 1.920258490846668553e-02
2.778422662019100375e+00 1.879942682519068764e-02
2.788487751665779335e+00 1.839193489679956037e-02
2.798552841312458295e+00 1.797931333439921689e-02
2.808617930959137254e+00 1.756743911327321786e-02
2.818683020605816214e+00 1.716352368444145488e-02
2.828748110252495174e+00 1.675885117346342240e-02
2.838813199899174133e+00 1.632666445752566087e-02
2.848878289545853093e+00 1.584328080291555821e-02
2.858943379192532053e+00 1.530412784636390501e-02
2.869008468839210568e+00 1.471149487459727685e-02
2.879073558485889528e+00 1.410630025398244662e-02
2.889138648132568488e+00 1.357497698064448477e-02
2.899203737779247447e+00 1.318430557941395118e-02
2.909268827425926407e+00 1.289100457559405610e-02
2.919333917072605367e+00 1.261894685327415340e-02
2.929399006719284326e+00 1.232966379630077818e-02
2.939464096365963286e+00 1.203085818658093144e-02
2.949529186012642246e+00 1.172993444809876384e-02
2.959594275659321205e+00 1.141814759300654666e-02
2.969659365305999721e+00 1.108187735322590552e-02
2.979724454952678681e+00 1.071989345339435101e-02
2.989789544599357640e+00 1.034676887359767782e-02
2.999854634246036600e+00 9.976354289979356277e-03
3.009919723892715560e+00 9.613024315037225001e-03
3.019984813539394519e+00 9.257744041815637800e-03
3.030049903186073479e+00 8.902678403060443335e-03
3.040114992832752439e+00 8.528319252594960057e-03
3.050180082479431398e+00 8.119929244112292568e-03
3.060245172126110358e+00 7.694403146681483632e-03
3.070310261772788873e+00 7.279731456890061597e-03
3.080375351419467833e+00 6.901907638900577936e-03
3.090440441066146793e+00 6.584150718606364937e-03
3.100505530712825752e+00 6.342076414467450254e-03
3.110570620359504712e+00 6.147324351430598181e-03
3.120635710006183672e+00 5.955798643837693224e-03
3.130700799652862631e+00 5.745297724869074391e-03
3.140765889299541591e+00 5.525115840063693669e-03
3.150830978946220551e+00 5.305543316238619730e-03
3.160896068592899510e+00 5.087886442815135052e-03
3.170961158239578026e+00 4.870026587415634753e-03
3.181026247886256986e+00 4.651323385091180908e-03
3.191091337532935945e+00 4.433358080600546293e-03
3.201156427179614905e+00 4.217237569196189730e-03
3.211221516826293865e+00 3.999785158502269095e-03
3.221286606472972824e+00 3.776096562101314332e-03
3.231351696119651784e+00 3.540711951071643521e-03
3.241416785766330744e+00 3.287313732881824713e-03
3.251481875413009703e+00 3.013748521624946917e-03
3.261546965059688663e+00 2.746870705119425302e-03
3.271612054706367623e+00 2.525318328900159632e-03
3.281677144353046138e+00 2.363088570798330644e-03
3.291742233999725098e+00 2.234166637644192325e-03
3.301807323646404058e+00 2.111831753214474510e-03
3.311872413293083461e+00 1.990539625555396482e-03
3.321937502939761977e+00 1.873988651972475399e-03
3.332002592586440493e+00 1.765107487527745522e-03
3.342067682233119896e+00 1.665459845392226702e-03
3.352132771879798412e+00 1.575874412127948850e-03
3.362197861526477816e+00 1.492632195928392681e-03
3.372262951173156331e+00 1.409974856351591454e-03
3.382328040819835735e+00 1.325046273937773803e-03
3.392393130466514251e+00 1.240112171375633548e-03
3.402458220113193654e+00 1.157318334593853987e-03
3.412523309759872170e+00 1.073746281585897817e-03
3.422588399406551574e+00 9.841556954016822140e-04
3.432653489053230089e+00 8.917620070683664451e-04
3.442718578699908605e+00 8.152978898355909372e-04
3.452783668346588009e+00 7.720977840932983366e-04
3.462848757993266524e+00 7.540781503653384930e-04
3.472913847639945928e+00 7.406301141597790034e-04
3.482978937286624443e+00 7.194193631433526328e-04
3.493044026933303847e+00 6.940800254417493157e-04
3.503109116579982363e+00 6.695963750020483525e-04
3.513174206226661767e+00 6.470512271444133542e-04
3.523239295873340282e+00 6.255048045198250339e-04
3.533304385520018798e+00 6.030991047602407996e-04
3.543369475166698201e+00 5.761826858253998960e-04
3.553434564813376717e+00 5.414519300226349439e-04
3.563499654460056121e+00 5.007521543824072817e-04
3.573564744106734636e+00 4.586907246210400794e-04
3.583629833753414040e+00 4.182943321818579112e-04
3.593694923400092556e+00 3.792551839512769540e-04
3.603760013046771959e+00 3.407870701391688887e-04
3.613825102693450475e+00 3.014855178485413827e-04
3.623890192340129879e+00 2.596140935349711891e-04
3.633955281986808394e+00 2.161847512074213163e-04
3.644020371633486910e+00 1.781630699331879654e-04
3.654085461280166314e+00 1.529639712189253165e-04
3.664150550926844829e+00 1.446573321530399570e-04
3.674215640573524233e+00 1.553416161782708983e-04
3.684280730220202749e+00 1.833695720846626679e-04
3.694345819866882152e+00 2.186973679267654807e-04
3.704410909513560668e+00 2.510909720960018761e-04
3.714475999160240072e+00 2.806454619486048506e-04
3.724541088806918587e+00 3.137147003113955018e-04
3.734606178453597991e+00 3.492082804909452435e-04
3.744671268100276507e+00 3.682998346156557130e-04
3.754736357746955022e+00 3.517463989916956970e-04
3.764801447393634426e+00 3.045187099865048503e-04
3.774866537040312942e+00 2.469195601903549989e-04
3.784931626686992345e+00 1.952537846125096703e-04
3.794996716333670861e+00 1.554040585893758553e-04
3.805061805980350265e+00 1.315551665854625162e-04
3.815126895627028780e+00 1.263811928484533879e-04
3.825191985273708184e+00 1.415527098079465802e-04
3.835257074920386700e+00 1.757061871064397724e-04
3.845322164567065215e+00 2.197401402843683843e-04
3.855387254213744619e+00 2.634918046006544151e-04
3.865452343860423134e+00 2.988532455427986246e-04
3.875517433507102538e+00 3.191347828907602473e-04
3.885582523153781054e+00 3.218329877572441932e-04
3.895647612800460458e+00 3.155844573842111729e-04
3.905712702447138973e+00 3.103345128821399161e-04
3.915777792093818377e+00 3.088244144171228204e-04
3.925842881740496892e+00 3.086471385479883501e-04
3.935907971387176296e+00 3.077773256767818932e-04
3.945973061033854812e+00 3.055693737107830236e-04
3.956038150680533327e+00 3.014309096247036772e-04
3.966103240327212731e+00 2.921217580884654871e-04
3.976168329973891247e+00 2.724344549902745698e-04
3.986233419620570650e+00 2.394456517917191169e-04
3.996298509267249166e+00 1.970470671309751756e-04
4.006363598913928570e+00 1.505583492500558410e-04
4.016428688560607085e+00 1.081501704131846754e-04
4.026493778207286489e+00 8.019738532973025953e-05
4.036558867853965005e+00 7.332489658245265401e-05
4.046623957500644408e+00 8.252330237102377712e-05
4.056689047147322924e+00 1.007394624205231094e-04
4.066754136794001440e+00 1.236565800637095592e-04
4.076819226440680843e+00 1.491607872121090723e-04
4.086884316087359359e+00 1.745175119316576110e-04
4.096949405734038763e+00 1.948095308933446102e-04
4.107014495380717278e+00 2.050444666869644203e-04
4.117079585027396682e+00 2.063632945973366945e-04
4.127144674674075198e+00 2.050440274421012280e-04
4.137209764320754601e+00 2.059029622333895606e-04
4.147274853967433117e+00 2.083440725507343914e-04
4.157339943614111633e+00 2.107041550923350595e-04
4.167405033260791036e+00 2.124383427874487773e-04
4.177470122907469552e+00 2.139761790815710774e-04
4.187535212554148956e+00 2.156683178038043460e-04
4.197600302200827471e+00 2.174758996668797999e-04
4.207665391847506875e+00 2.192791250365673484e-04
4.217730481494185391e+00 2.210370932428025762e-04
4.227795571140864794e+00 2.227804114782276081e-04
4.237860660787543310e+00 2.245346242367511321e-04
4.247925750434222714e+00 2.262973223828881040e-04
4.257990840080901229e+00 2.280599702051351368e-04
4.268055929727579745e+00 2.298193628698134375e-04
4.278121019374259149e+00 2.315773210005336988e-04
4.288186109020937664e+00 2.333356320006684751e-04
4.298251198667617068e+00 2.350952069084858125e-04
4.308316288314295583e+00 2.368566268645705571e-04
4.318381377960974987e+00 2.386177972925330429e-04
4.328446467607653503e+00 2.403739999999932909e-04
