1.300227572939991784e-02 3.549999999997357488e-05
2.158471760205523532e-02 5.287396359508766025e-05
3.016715947471054760e-02 6.956056031120501750e-05
3.874960134736586681e-02 8.618421298416669384e-05
4.733204322002117909e-02 1.030587200448371244e-04
5.591448509267649830e-02 1.201810869952601914e-04
6.449692696533181058e-02 1.374462866396956742e-04
7.307936883798712979e-02 1.543819814715878243e-04
8.166181071064244901e-02 1.704716062311914418e-04
9.024425258329776822e-02 1.865279275672410586e-04
9.882669445595308744e-02 2.047738338753197053e-04
1.074091363286083928e-01 2.258450933767524465e-04
1.159915782012637120e-01 2.431297932831820322e-04
1.245740200739190312e-01 2.482927147264297877e-04
1.331564619465743227e-01 2.401854508697656677e-04
1.417389038192296558e-01 2.255892743016293684e-04
1.503213456918849611e-01 2.105758070478463127e-04
1.589037875645402664e-01 1.960911318634363384e-04
1.674862294371955995e-01 1.816241856376945283e-04
1.760686713098509049e-01 1.669626959593780910e-04
1.846511131825062380e-01 1.522374473944218293e-04
1.932335550551615433e-01 1.375666930186710858e-04
2.018159969278168486e-01 1.229180476940527455e-04
2.103984388004721817e-01 1.082172279835080596e-04
2.189808806731274871e-01 9.349356164059599041e-05
2.275633225457827924e-01 7.890008546111357528e-05
2.361457644184381255e-01 6.450171044787661955e-05
2.447282062910934308e-01 4.988465640062979240e-05
2.533106481637487639e-01 3.454224263475211580e-05
2.618930900364040970e-01 1.997350997202720631e-05
2.704755319090594301e-01 1.016868197223699132e-05
2.790579737817147077e-01 8.164069824228599917e-06
2.876404156543700408e-01 1.116766942852975334e-05
2.962228575270253739e-01 1.454495669285310839e-05
3.048052993996806515e-01 1.615071520087607462e-05
3.133877412723359845e-01 1.705778237893435336e-05
3.219701831449913176e-01 1.834594469246979062e-05
3.305526250176465952e-01 1.995954468907235597e-05
3.391350668903019283e-01 2.146360399436494720e-05
3.477175087629572614e-01 2.280266595976214848e-05
3.562999506356125945e-01 2.443200573262850953e-05
3.648823925082678721e-01 2.661481372809127664e-05
3.734648343809232052e-01 2.830066421576752137e-05
3.820472762535785383e-01 2.803860706895529409e-05
3.906297181262338158e-01 2.756217676428458034e-05
3.992121599988891489e-01 3.306128721634155157e-05
4.077946018715444820e-01 4.962808932793500919e-05
4.163770437441997596e-01 7.372420584897985756e-05
4.249594856168550927e-01 9.865436674865254605e-05
4.335419274895104258e-01 1.210267366319682086e-04
4.421243693621657034e-01 1.422679149200536844e-04
4.507068112348210365e-01 1.639531539369210381e-04
4.592892531074763696e-01 1.861931247165204745e-04
4.678716949801316471e-01 2.085308945503545376e-04
4.764541368527869802e-01 2.306965825350789192e-04
4.850365787254423133e-01 2.527057949285960799e-04
4.936190205980975909e-01 2.746235388430452598e-04
5.022014624707529240e-01 2.966844405927860175e-04
5.107839043434082571e-01 3.191831035982033225e-04
5.193663462160635902e-01 3.418439933993300131e-04
5.279487880887189233e-01 3.634915723161281573e-04
5.365312299613741454e-01 3.834585299467042365e-04
5.451136718340294784e-01 4.051631977618100171e-04
5.536961137066848115e-01 4.336797637433833889e-04
5.622785555793401446e-01 4.684752065587709994e-04
5.708609974519954777e-01 4.997927649403966031e-04
5.794434393246508108e-01 5.181095774821879328e-04
5.880258811973061439e-01 5.218681426820581020e-04
5.966083230699613660e-01 5.130569500524852656e-04
6.051907649426166991e-01 4.949489806639491805e-04
6.137732068152720322e-01 4.729882349637449992e-04
6.223556486879273653e-01 4.522444853097600729e-04
6.309380905605826984e-01 4.332908893938691199e-04
6.395205324332380314e-01 4.146290804574572831e-04
6.481029743058932535e-01 3.953965564389296623e-04
6.566854161785485866e-01 3.758843085183153818e-04
6.652678580512039197e-01 3.564612467676673635e-04
6.738502999238592528e-01 3.371644779643769387e-04
6.824327417965145859e-01 3.178718144291601318e-04
6.910151836691699190e-01 2.985282136685988717e-04
6.995976255418252521e-01 2.792052478507921708e-04
7.081800674144804741e-01 2.599662084971542044e-04
7.167625092871358072e-01 2.406879897959822716e-04
7.253449511597911403e-01 2.211564545277681199e-04
7.339273930324464734e-01 2.014733593098861524e-04
7.425098349051018065e-01 1.823532318157053650e-04
7.510922767777571396e-01 1.646886932744284174e-04
7.596747186504123617e-01 1.503321896901555204e-04
7.682571605230676948e-01 1.416254935832117511e-04
7.768396023957230279e-01 1.390371631249699702e-04
7.854220442683783610e-01 1.392476608569324134e-04
7.940044861410336940e-01 1.387904777677998684e-04
8.025869280136890271e-01 1.370860266073645542e-04
8.111693698863442492e-01 1.351282856499759336e-04
8.197518117589995823e-01 1.335461842730204386e-04
8.283342536316549154e-01 1.321672304449924445e-04
8.369166955043102485e-01 1.307392466630077508e-04
8.454991373769655816e-01 1.292227392532364157e-04
8.540815792496209147e-01 1.276989619875323943e-04
8.626640211222762478e-01 1.262103065439586463e-04
8.712464629949314698e-01 1.247108454109608180e-04
8.798289048675868029e-01 1.231545960115154983e-04
8.884113467402421360e-01 1.216166428597328496e-04
8.969937886128974691e-01 1.202440928806409456e-04
9.055762304855528022e-01 1.192585546098497200e-04
9.141586723582081353e-01 1.190499894069169421e-04
9.227411142308633574e-01 1.199747175877704820e-04
9.313235561035186905e-01 1.217641719433221512e-04
9.399059979761740236e-01 1.237650352510053398e-04
9.484884398488293566e-01 1.255313401813580869e-04
9.570708817214846897e-01 1.271258344728918958e-04
9.656533235941400228e-01 1.286843187302877986e-04
9.742357654667952449e-01 1.303278321495636807e-04
9.828182073394505780e-01 1.321674519495412783e-04
9.914006492121059111e-01 1.341350808371445029e-04
9.999830910847612442e-01 1.357164003866943120e-04
1.008565532957416577e+00 1.364589184644828272e-04
1.017147974830071799e+00 1.374996939068364159e-04
1.025730416702727243e+00 1.410331803096904536e-04
1.034312858575382466e+00 1.466594887220416159e-04
1.042895300448037910e+00 1.471763891285353583e-04
1.051477742320693132e+00 1.359897270058590935e-04
1.060060184193348354e+00 1.284657572666551687e-04
1.068642626066003798e+00 1.552349601075341640e-04
1.077225067938659020e+00 2.349535937500072617e-04
1.085807509811314464e+00 3.528904768315309294e-04
1.094389951683969686e+00 4.893071679364683572e-04
1.102972393556625130e+00 6.328238747461239740e-04
1.111554835429280352e+00 7.781165611554793178e-04
1.120137277301935574e+00 9.215488481038949537e-04
1.128719719174591019e+00 1.063892171630936336e-03
1.137302161047246241e+00 1.206599363500120668e-03
1.145884602919901685e+00 1.349737343050894057e-03
1.154467044792556907e+00 1.492329087289867313e-03
1.163049486665212351e+00 1.634139914659276435e-03
1.171631928537867573e+00 1.777213651263304930e-03
1.180214370410522795e+00 1.923621421192798879e-03
1.188796812283178239e+00 2.069382002165478986e-03
1.197379254155833461e+00 2.205769443702061423e-03
1.205961696028488905e+00 2.326750880348688304e-03
1.214544137901144127e+00 2.435039791349540537e-03
1.223126579773799349e+00 2.535004501628125313e-03
1.231709021646454794e+00 2.630431353543215452e-03
1.240291463519110016e+00 2.724631633464348612e-03
1.248873905391765460e+00 2.820004286894113588e-03
1.257456347264420682e+00 2.916035144873399716e-03
1.266038789137076126e+00 3.011686645896517224e-03
1.274621231009731348e+00 3.107069634372141252e-03
1.283203672882386570e+00 3.203269480812237155e-03
1.291786114755042014e+00 3.300525805641909421e-03
1.300368556627697236e+00 3.396105840232102168e-03
1.308950998500352680e+00 3.487077297359861446e-03
1.317533440373007902e+00 3.578486512423839552e-03
1.326115882245663347e+00 3.682423454825616178e-03
1.334698324118318569e+00 3.808305940670146487e-03
1.343280765990973791e+00 3.955217436142006646e-03
1.351863207863629235e+00 4.119824587057012606e-03
1.360445649736284457e+00 4.296276149489896071e-03
1.369028091608939901e+00 4.476408737650990066e-03
1.377610533481595123e+00 4.653846611347302320e-03
1.386192975354250567e+00 4.829164047007657688e-03
1.394775417226905789e+00 5.004484722042362548e-03
1.403357859099561011e+00 5.180619532158365140e-03
1.411940300972216455e+00 5.357125468159369686e-03
1.420522742844871678e+00 5.533557499161898159e-03
1.429105184717527122e+00 5.709657282289119958e-03
1.437687626590182344e+00 5.885254263440654193e-03
1.446270068462837566e+00 6.061144021023802571e-03
1.454852510335493010e+00 6.239081954123294749e-03
1.463434952208148232e+00 6.420060819619170280e-03
1.472017394080803676e+00 6.601808999601813457e-03
1.480599835953458898e+00 6.781407425502094209e-03
1.489182277826114342e+00 6.960357235644098334e-03
1.497764719698769564e+00 7.144727043550376001e-03
1.506347161571424786e+00 7.336358751891978655e-03
1.514929603444080231e+00 7.518241932784167775e-03
1.523512045316735453e+00 7.670183667001255999e-03
1.532094487189390897e+00 7.819917972679781351e-03
1.540676929062046119e+00 8.046689799449979405e-03
1.549259370934701563e+00 8.409910792392347526e-03
1.557841812807356785e+00 8.869525501678623622e-03
1.566424254680012007e+00 9.358841701464035850e-03
1.575006696552667451e+00 9.839348241753271412e-03
1.583589138425322673e+00 1.030403986413832088e-02
1.592171580297978117e+00 1.074703756300744023e-02
1.600754022170633339e+00 1.115997519545184301e-02
1.609336464043288561e+00 1.153423517386082016e-02
1.617918905915944006e+00 1.187566126653197274e-02
1.626501347788599228e+00 1.220691414589668809e-02
1.635083789661254672e+00 1.254672368103528640e-02
1.643666231533909894e+00 1.289007927409253386e-02
1.652248673406565338e+00 1.322524373137429557e-02
1.660831115279220560e+00 1.355670740446170489e-02
1.669413557151875782e+00 1.390859311505441426e-02
1.677995999024531226e+00 1.430284087391027817e-02
1.686578440897186448e+00 1.474427631649789794e-02
1.695160882769841892e+00 1.523205236360824014e-02
1.703743324642497114e+00 1.575679611072197325e-02
1.712325766515152559e+00 1.629840773529138073e-02
1.720908208387807781e+00 1.683784533115650558e-02
1.729490650260463003e+00 1.736535515254882325e-02
1.738073092133118447e+00 1.787442215447161004e-02
1.746655534005773669e+00 1.836462604083333866e-02
1.755237975878429113e+00 1.884352420606935294e-02
1.763820417751084335e+00 1.931854221224995477e-02
1.772402859623739557e+00 1.979335516924662919e-02
1.780985301496395001e+00 2.027025574517806600e-02
1.789567743369050223e+00 2.074803319090630718e-02
1.798150185241705667e+00 2.122070520768512547e-02
1.806732627114360890e+00 2.168852752269942452e-02
1.815315068987016334e+00 2.219025689177706734e-02
1.823897510859671556e+00 2.277761308334071144e-02
1.832479952732326778e+00 2.345469750908873649e-02
1.841062394604982222e+00 2.415806673903151541e-02
1.849644836477637444e+00 2.483322640803882833e-02
1.858227278350292888e+00 2.551200310529763704e-02
1.866809720222948110e+00 2.625840489976281195e-02
1.875392162095603554e+00 2.710949723824551683e-02
1.883974603968258776e+00 2.806249392559129890e-02
1.892557045840913998e+00 2.911560770508367368e-02
1.901139487713569443e+00 3.029405455806931033e-02
1.909721929586224665e+00 3.163218920460474787e-02
1.918304371458880109e+00 3.307416385666496483e-02
1.926886813331535331e+00 3.442552117121069899e-02
1.935469255204190553e+00 3.551253498731163361e-02
1.944051697076845997e+00 3.638047587757278767e-02
1.952634138949501219e+00 3.716490459147202968e-02
1.961216580822156663e+00 3.799399666471958703e-02
1.969799022694811885e+00 3.898366082042744457e-02
1.978381464567467329e+00 4.022303952462399218e-02
1.986963906440122551e+00 4.161993208915906045e-02
1.995546348312777774e+00 4.300475157575624902e-02
2.004128790185433218e+00 4.426190724982848740e-02
2.012711232058088218e+00 4.536624762909231140e-02
2.021293673930743662e+00 4.633632102763815541e-02
2.029876115803399106e+00 4.745120683403904194e-02
2.038458557676054550e+00 4.910274978978744487e-02
2.047040999548709550e+00 5.132356714795668906e-02
2.055623441421364994e+00 5.352217302080071459e-02
2.064205883294020438e+00 5.513118594232725017e-02
2.072788325166675882e+00 5.625567987646586804e-02
2.081370767039330882e+00 5.731456077079163242e-02
2.089953208911986327e+00 5.859500553255481137e-02
2.098535650784641771e+00 6.014288080084786992e-02
2.107118092657296771e+00 6.195043096547950268e-02
2.115700534529952215e+00 6.377881222944507822e-02
2.124282976402607659e+00 6.527804977726017754e-02
2.132865418275263103e+00 6.629606634915613528e-02
2.141447860147918103e+00 6.705485046266691784e-02
2.150030302020573547e+00 6.780598777999043147e-02
2.158612743893228991e+00 6.869979626561455166e-02
2.167195185765883991e+00 6.983449607891718813e-02
2.175777627638539435e+00 7.124594639694104004e-02
2.184360069511194880e+00 7.284843695910846184e-02
2.192942511383850324e+00 7.454876195346785139e-02
2.201524953256505324e+00 7.631381726399913412e-02
2.210107395129160768e+00 7.814227378629300114e-02
2.218689837001816212e+00 8.001178766920546970e-02
2.227272278874471212e+00 8.185642307045959409e-02
2.235854720747126656e+00 8.362160167421425760e-02
2.244437162619782100e+00 8.541152364268385366e-02
2.253019604492437544e+00 8.741707824943387162e-02
2.261602046365092544e+00 8.962499500316931100e-02
2.270184488237747988e+00 9.158452286842007350e-02
2.278766930110403433e+00 9.284589399932496878e-02
2.287349371983058433e+00 9.353236311619529675e-02
2.295931813855713877e+00 9.409671750605808072e-02
2.304514255728369321e+00 9.482678471454247804e-02
2.313096697601024765e+00 9.563452554970912345e-02
2.321679139473679765e+00 9.639174859044002952e-02
2.330261581346335209e+00 9.708160856576636411e-02
2.338844023218990653e+00 9.775405343863757812e-02
2.347426465091645653e+00 9.844415870043471406e-02
2.356008906964301097e+00 9.915036507058863635e-02
2.364591348836956541e+00 9.986249985676760865e-02
2.373173790709611986e+00 1.005321835390637769e-01
2.381756232582266986e+00 1.010872794051642098e-01
2.390338674454922430e+00 1.014969608412423507e-01
2.398921116327577874e+00 1.018313528007846747e-01
2.407503558200232874e+00 1.021710881942183707e-01
2.416086000072888318e+00 1.025441007619529860e-01
2.424668441945543762e+00 1.029439876214406774e-01
2.433250883818198762e+00 1.033509368979768084e-01
2.441833325690854206e+00 1.037127113741440898e-01
2.450415767563509650e+00 1.039769753916858080e-01
2.458998209436165094e+00 1.041529422931632143e-01
2.467580651308820094e+00 1.042915070238199376e-01
2.476163093181475539e+00 1.044308707477644566e-01
2.484745535054130983e+00 1.045736314361889602e-01
2.493327976926785983e+00 1.047166794583376803e-01
2.501910418799441427e+00 1.048582246830589010e-01
2.510492860672096871e+00 1.049974100415636546e-01
2.519075302544752315e+00 1.051351495403683722e-01
2.527657744417407315e+00 1.052771875770907029e-01
2.536240186290062759e+00 1.054288343600529865e-01
2.544822628162718203e+00 1.055778374752212589e-01
2.553405070035373203e+00 1.056990521892877816e-01
2.561987511908028647e+00 1.057649652735703771e-01
2.570569953780684092e+00 1.057420956354210018e-01
2.579152395653339536e+00 1.055995799403724317e-01
2.587734837525994536e+00 1.053610564589170379e-01
2.596317279398649980e+00 1.050917771385852517e-01
2.604899721271305424e+00 1.048427580681733084e-01
2.613482163143960424e+00 1.046189845728646567e-01
2.622064605016615868e+00 1.044151842258985580e-01
2.630647046889271312e+00 1.042005036116104427e-01
2.639229488761926756e+00 1.039237705138404272e-01
2.647811930634581756e+00 1.035521108478522079e-01
2.656394372507237200e+00 1.031120083562555440e-01
2.664976814379892645e+00 1.026403228702365972e-01
2.673559256252547645e+00 1.021526667955432177e-01
2.682141698125203089e+00 1.016470905727619722e-01
2.690724139997858533e+00 1.011308671715364926e-01
2.699306581870513977e+00 1.006433558329963146e-01
2.707889023743168977e+00 1.002236018950161539e-01
2.716471465615824421e+00 9.978786533564878991e-02
2.725053907488479865e+00 9.914682683431071120e-02
2.733636349361134865e+00 9.818129002568888597e-02
2.742218791233790309e+00 9.702523668451412675e-02
2.750801233106445753e+00 9.586171590830930289e-02
2.759383674979101198e+00 9.477214506625324109e-02
2.767966116851756198e+00 9.374703154545982464e-02
2.776548558724411642e+00 9.277497555134781027e-02
2.785131000597067086e+00 9.184924953640682954e-02
2.793713442469722086e+00 9.096464746831790793e-02
2.802295884342377530e+00 9.012550020525851580e-02
2.810878326215032974e+00 8.934501171846492840e-02
2.819460768087687974e+00 8.860627479763966141e-02
2.828043209960343418e+00 8.777771125060883362e-02
2.836625651832998862e+00 8.670728775515688935e-02
2.845208093705654306e+00 8.538475892573572923e-02
2.853790535578309306e+00 8.393709566959799140e-02
2.862372977450964751e+00 8.246970346986240430e-02
2.870955419323620195e+00 8.098087317340628422e-02
2.879537861196275195e+00 7.944863352886463725e-02
2.888120303068930639e+00 7.799335221475406366e-02
2.896702744941586083e+00 7.687867186761243588e-02
2.905285186814241527e+00 7.615348692859988389e-02
2.913867628686896527e+00 7.495541964905566568e-02
2.922450070559551971e+00 7.224210274082132344e-02
2.931032512432207415e+00 6.834212793229575700e-02
2.939614954304862415e+00 6.501941920393272678e-02
2.948197396177517859e+00 6.363105784736323989e-02
2.956779838050173304e+00 6.348735721297669998e-02
2.965362279922828748e+00 6.337369206448806302e-02
2.973944721795483748e+00 6.279732630489026635e-02
2.982527163668139192e+00 6.205165035271913154e-02
2.991109605540794636e+00 6.140783880803586670e-02
2.999692047413449636e+00 6.085781227822372602e-02
3.008274489286105080e+00 6.031637839800327305e-02
3.016856931158760524e+00 5.974585366608430037e-02
3.025439373031415968e+00 5.916237374849402791e-02
3.034021814904070968e+00 5.858257557097824864e-02
3.042604256776726412e+00 5.801176963936859748e-02
3.051186698649381857e+00 5.745152364809463091e-02
3.059769140522036857e+00 5.689072413522512639e-02
3.068351582394692301e+00 5.630331634621370956e-02
3.076934024267347745e+00 5.565733569406723646e-02
3.085516466140003189e+00 5.489584774936386025e-02
3.094098908012658189e+00 5.395622310709915354e-02
3.102681349885313633e+00 5.284452722935514823e-02
3.111263791757969077e+00 5.165103038151609011e-02
3.119846233630624077e+00 5.045398039027822884e-02
3.128428675503279521e+00 4.924278342297425809e-02
3.137011117375934965e+00 4.797918474036543673e-02
3.145593559248589965e+00 4.666172025025210751e-02
3.154176001121245410e+00 4.533586000811751227e-02
3.162758442993900854e+00 4.405010802951247334e-02
3.171340884866556298e+00 4.285288111742409367e-02
3.179923326739211298e+00 4.179122114687540412e-02
3.188505768611866742e+00 4.085728919597797493e-02
3.197088210484522186e+00 3.997042888658004778e-02
3.205670652357177186e+00 3.905834419559561788e-02
3.214253094229832630e+00 3.812466151127800323e-02
3.222835536102488074e+00 3.719842190024418710e-02
3.231417977975143518e+00 3.624940245695324609e-02
3.240000419847798518e+00 3.516551463437916913e-02
3.248582861720453963e+00 3.386372211239477292e-02
3.257165303593109407e+00 3.246920402382238308e-02
3.265747745465764407e+00 3.118132729276508475e-02
3.274330187338419851e+00 3.008021933493151487e-02
3.282912629211075295e+00 2.907450266597598129e-02
3.291495071083730739e+00 2.808032966418536752e-02
3.300077512956385739e+00 2.714343245521342457e-02
3.308659954829041183e+00 2.635802809792334861e-02
3.317242396701696627e+00 2.574712098117902873e-02
3.325824838574351627e+00 2.522705528575234363e-02
3.334407280447007071e+00 2.471746231871344707e-02
3.342989722319662516e+00 2.421644621873809272e-02
3.351572164192317960e+00 2.375274971792629836e-02
3.360154606064972960e+00 2.330396006737033010e-02
3.368737047937628404e+00 2.276788619446209333e-02
3.377319489810283848e+00 2.204896313405912273e-02
3.385901931682938848e+00 2.114422868607710587e-02
3.394484373555594292e+00 2.009036704412151680e-02
3.403066815428249736e+00 1.898321519520912090e-02
3.411649257300905180e+00 1.801428921273916239e-02
3.420231699173560180e+00 1.735111762920462861e-02
3.428814141046215624e+00 1.692624660138371956e-02
3.437396582918871069e+00 1.657044128947085526e-02
3.445979024791526069e+00 1.618258335883572888e-02
3.454561466664181513e+00 1.577727461854546570e-02
3.463143908536836957e+00 1.537755116870371044e-02
3.471726350409492401e+00 1.498598308632402218e-02
3.480308792282147401e+00 1.459584377231661761e-02
3.488891234154802845e+00 1.420316749241521195e-02
3.497473676027458289e+00 1.380892669916278584e-02
3.506056117900113289e+00 1.341427856123403144e-02
3.514638559772768733e+00 1.301787420474537042e-02
3.523221001645424177e+00 1.261719355477307347e-02
3.531803443518079177e+00 1.221170197502352735e-02
3.540385885390734622e+00 1.180451530530797835e-02
3.548968327263390066e+00 1.139867067947198873e-02
3.557550769136045510e+00 1.099330594915862852e-02
3.566133211008700510e+00 1.058565578421340192e-02
3.574715652881355954e+00 1.017630493284837553e-02
3.583298094754011398e+00 9.772259813396655739e-03
3.591880536626666398e+00 9.382441805068763435e-03
3.600462978499321842e+00 9.026195013046871621e-03
3.609045420371977286e+00 8.728099280823777006e-03
3.617627862244632730e+00 8.493019815579257864e-03
3.626210304117287730e+00 8.286505760773509727e-03
3.634792745989943175e+00 8.072754628237610933e-03
3.643375187862598619e+00 7.846301915383727121e-03
3.651957629735253619e+00 7.617987386670601463e-03
3.660540071607909063e+00 7.394004203496601542e-03
3.669122513480564507e+00 7.170579297716484120e-03
3.677704955353219951e+00 6.943568383960244464e-03
3.686287397225874951e+00 6.717226898605303635e-03
3.694869839098530395e+00 6.500459676318051140e-03
3.703452280971185839e+00 6.290607901181050066e-03
3.712034722843840839e+00 6.059885468038512558e-03
3.720617164716496283e+00 5.779861751988702064e-03
3.729199606589151728e+00 5.448990591307450830e-03
3.737782048461807172e+00 5.081481856829258258e-03
3.746364490334462172e+00 4.701908812737551173e-03
3.754946932207117616e+00 4.357783850953323053e-03
3.763529374079773060e+00 4.095395391416296882e-03
3.772111815952428060e+00 3.914065746449893642e-03
3.780694257825083504e+00 3.784549348264309651e-03
3.789276699697738948e+00 3.681457591551169552e-03
3.797859141570394392e+00 3.589435638139573496e-03
3.806441583443049392e+00 3.495470928141386751e-03
3.815024025315704836e+00 3.396755658133323013e-03
3.823606467188360281e+00 3.296945134677803976e-03
3.832188909061015281e+00 3.198519084510121485e-03
3.840771350933670725e+00 3.100816402914828400e-03
3.849353792806326169e+00 3.002793212429737124e-03
3.857936234678981169e+00 2.904495370745290798e-03
3.866518676551636613e+00 2.806686104747587850e-03
3.875101118424292057e+00 2.709448500438860642e-03
3.883683560296947501e+00 2.611088303409852488e-03
3.892266002169602501e+00 2.510033805662839016e-03
3.900848444042257945e+00 2.409827557464919948e-03
3.909430885914913389e+00 2.317518375971522760e-03
3.918013327787568389e+00 2.236816526763264930e-03
3.926595769660223834e+00 2.162304446779560272e-03
3.935178211532879278e+00 2.087411296704663830e-03
3.943760653405534722e+00 2.010383238763372923e-03
3.952343095278189722e+00 1.932908479569419224e-03
3.960925537150845166e+00 1.856132779854656033e-03
3.969507979023500610e+00 1.779475551781985318e-03
3.978090420896155610e+00 1.702157851144240307e-03
3.986672862768811054e+00 1.624840704697114472e-03
3.995255304641466498e+00 1.549254579886984694e-03
4.003837746514121498e+00 1.475380954658871363e-03
4.012420188386776942e+00 1.398013263798829602e-03
4.021002630259432387e+00 1.312035034624930985e-03
4.029585072132086943e+00 1.227913592731241657e-03
4.038167514004742387e+00 1.168170996246335703e-03
4.046749955877397831e+00 1.146357626486096699e-03
4.055332397750053275e+00 1.147649658195667825e-03
4.063914839622708719e+00 1.152582024781513949e-03
4.072497281495364163e+00 1.153861262841632523e-03
4.081079723368018719e+00 1.153993618659753060e-03
4.089662165240674163e+00 1.155056253041807134e-03
4.098244607113329607e+00 1.156866771694347847e-03
4.106827048985985051e+00 1.158804097742536544e-03
4.115409490858640496e+00 1.160444010869846315e-03
4.123991932731295940e+00 1.161527248660026903e-03
4.132574374603951384e+00 1.162177598984503405e-03
4.141156816476605940e+00 1.163781358009412063e-03
4.149739258349261384e+00 1.167688550526686147e-03
4.158321700221916828e+00 1.169807116891282165e-03
4.166904142094572272e+00 1.161303533472494726e-03
4.175486583967227716e+00 1.136744343612158120e-03
4.184069025839883160e+00 1.103128667791346620e-03
4.192651467712538604e+00 1.069849955296079107e-03
4.201233909585193160e+00 1.040115984271189602e-03
4.209816351457848604e+00 1.011528323367066884e-03
4.218398793330504049e+00 9.820858078648732510e-04
4.226981235203159493e+00 9.519801195556521108e-04
4.235563677075814937e+00 9.218832330912563348e-04
4.244146118948470381e+00 8.920424769153475000e-04
4.252728560821125825e+00 8.623048624294298893e-04
4.261311002693780381e+00 8.325280312021800765e-04
4.269893444566435825e+00 8.026699580329389998e-04
4.278475886439091269e+00 7.727182322019173454e-04
4.287058328311746713e+00 7.427856948296275748e-04
4.295640770184402157e+00 7.131079999999642791e-04
